1016.409424
26.479166
24963
339166590
-1183337104
 1016.449951
26.443750
24864
339166587
-1183337104
 1016.490234
26.437500
24865
339166579
-1183337099
 1016.449707
26.433332
24865
339166554
-1183337088
 1016.427002
26.447916
25104
339166554
-1183337094
 1016.408203
26.454166
25324
339166542
-1183337094
 1016.495361
26.427084
25628
339166521
-1183337107
 1016.441162
26.408333
25628
339166463
-1183337124
 1016.476074
26.424999
25967
339166463
-1183337133
 1016.448730
26.437500
26040
339166443
-1183337133
 1016.438232
26.435417
26336
339166412
-1183337145
 1016.447510
26.450001
26336
339166366
-1183337165
 1016.431396
26.452084
26578
339166366
-1183337177
 1016.441162
26.439583
26844
339166343
-1183337177
 1016.359375
26.441668
27022
339166324
-1183337188
 1016.447754
26.431250
27022
339166276
-1183337203
 1016.484131
26.447916
27401
339166276
-1183337205
 1016.456787
26.445833
27443
339166264
-1183337205
 1016.429932
26.441668
27652
339166249
-1183337210
 1016.385498
26.450001
27652
339166247
-1183337212
 1016.492920
26.431250
27762
339166247
-1183337214
 1016.497803
26.424999
28009
339166240
-1183337214
 1016.451416
26.418751
28010
339166233
-1183337218
 1016.483398
26.418751
28010
339166246
-1183337240
 1016.437744
26.433332
27881
339166246
-1183337246
 1016.455811
26.447916
27821
339166251
-1183337246
 1016.498291
26.445833
27854
339166251
-1183337253
 1016.430176
26.429167
27854
339166250
-1183337252
 1016.435303
26.416666
27479
339166250
-1183337253
 1016.467773
26.433332
27551
339166237
-1183337253
 1016.505615
26.429167
27594
339166232
-1183337255
 1016.452881
26.439583
27594
339166215
-1183337247
 1016.387207
26.441668
27175
339166215
-1183337250
 1016.474609
26.450001
27083
339166209
-1183337250
 1016.410400
26.450001
27071
339166203
-1183337255
 1016.481934
26.445833
27071
339166192
-1183337253
 1016.397461
26.429167
26665
339166192
-1183337247
 1016.362793
26.441668
26521
339166190
-1183337247
 1016.480713
26.429167
26312
339166194
-1183337242
 1016.464111
26.435417
26312
339166191
-1183337227
 1016.520020
26.441668
25960
339166191
-1183337224
 1016.382568
26.450001
26019
339166188
-1183337224
 1016.485352
26.452084
26101
339166185
-1183337220
 