340617157
-1183012426
1016.409424
26.479166
24963
339166590
-1183337104
 340617157
-1183012499
1016.409424
26.479166
24963
339166590
-1183337104
 340617072
-1183012499
1016.409424
26.479166
24963
339166590
-1183337104
 340616934
-1183012576
1016.409424
26.479166
24963
339166590
-1183337104
 340616934
-1183012600
1016.409424
26.479166
24963
339166590
-1183337104
 340616822
-1183012600
1016.409424
26.479166
24963
339166590
-1183337104
 340616747
-1183012609
1016.409424
26.479166
24963
339166590
-1183337104
 340616747
-1183012524
1016.409424
26.479166
24963
339166590
-1183337104
 340616704
-1183012524
1016.409424
26.479166
24963
339166590
-1183337104
 340616641
-1183012356
1016.409424
26.479166
24963
339166590
-1183337104
 340616567
-1183012294
1016.409424
26.479166
24963
339166590
-1183337104
 340616567
-1183012224
1016.409424
26.479166
24963
339166590
-1183337104
 340616479
-1183012224
1016.409424
26.479166
24963
339166590
-1183337104
 340616345
-1183012256
1016.409424
26.479166
24963
339166590
-1183337104
 340616345
-1183012161
1016.409424
26.479166
24963
339166590
-1183337104
 340616515
-1183012161
1016.409424
26.479166
24963
339166590
-1183337104
 340616734
-1183012296
1016.409424
26.479166
24963
339166590
-1183337104
 340616930
-1183012351
1016.409424
26.479166
24963
339166590
-1183337104
 340616930
-1183012317
1016.409424
26.479166
24963
339166590
-1183337104
 340617126
-1183012317
1016.409424
26.479166
24963
339166590
-1183337104
 340617505
-1183012502
1016.409424
26.479166
24963
339166590
-1183337104
 340617505
-1183012467
1016.409424
26.479166
24963
339166590
-1183337104
 340617669
-1183012467
1016.409424
26.479166
24963
339166590
-1183337104
 340617924
-1183012624
1016.409424
26.479166
24963
339166590
-1183337104
 340618148
-1183012646
1016.409424
26.479166
24963
339166590
-1183337104
 340618148
-1183012702
1016.409424
26.479166
24963
339166590
-1183337104
 340618273
-1183012702
1016.409424
26.479166
24963
339166590
-1183337104
 340618517
-1183012646
1016.409424
26.479166
24963
339166590
-1183337104
 340618711
-1183012687
1016.409424
26.479166
24963
339166590
-1183337104
 340618711
-1183012779
1016.409424
26.479166
24963
339166590
-1183337104
 340618840
-1183012779
1016.409424
26.479166
24963
339166590
-1183337104
 340619219
-1183012685
1016.409424
26.479166
24963
339166590
-1183337104
 340619219
-1183012795
1016.409424
26.479166
24963
339166590
-1183337104
 340619393
-1183012795
1016.409424
26.479166
24963
339166590
-1183337104
 340619473
-1183012825
1016.409424
26.479166
24963
339166590
-1183337104
 340619655
-1183012839
1016.409424
26.479166
24963
339166590
-1183337104
 340619655
-1183012909
1016.409424
26.479166
24963
339166590
-1183337104
 340619794
-1183012909
1016.409424
26.479166
24963
339166590
-1183337104
 340619852
-1183012733
1016.409424
26.479166
24963
339166590
-1183337104
 340619852
-1183012656
1016.409424
26.479166
24963
339166590
-1183337104
 340619922
-1183012656
1016.409424
26.479166
24963
339166590
-1183337104
 340619786
-1183012484
1016.409424
26.479166
24963
339166590
-1183337104
 340619814
-1183012433
1016.409424
26.479166
24963
339166590
-1183337104
 340619814
-1183012479
1016.409424
26.479166
24963
339166590
-1183337104
 340619840
-1183012479
1016.409424
26.479166
24963
339166590
-1183337104
 340619754
-1183012433
1016.409424
26.479166
24963
339166590
-1183337104
 340619683
-1183012407
1016.409424
26.479166
24963
339166590
-1183337104
 340619683
-1183012613
1016.409424
26.479166
24963
339166590
-1183337104
 340619738
-1183012613
1016.409424
26.479166
24963
339166590
-1183337104
 340619567
-1183012564
1016.409424
26.479166
24963
339166590
-1183337104
 340619557
-1183012605
1016.409424
26.479166
24963
339166590
-1183337104
 340619557
-1183012703
1016.409424
26.479166
24963
339166590
-1183337104
 340619535
-1183012703
1016.409424
26.479166
24963
339166590
-1183337104
 340619478
-1183012740
1016.409424
26.479166
24963
339166590
-1183337104
 340619479
-1183012825
1016.409424
26.479166
24963
339166590
-1183337104
 340619479
-1183012927
1016.409424
26.479166
24963
339166590
-1183337104
 340619470
-1183012927
1016.409424
26.479166
24963
339166590
-1183337104
 340619353
-1183013128
1016.409424
26.479166
24963
339166590
-1183337104
 340619353
-1183013324
1016.409424
26.479166
24963
339166590
-1183337104
 340619314
-1183013324
1016.409424
26.479166
24963
339166590
-1183337104
 340619311
-1183013447
1016.409424
26.479166
24963
339166590
-1183337104
 340619311
-1183013480
1016.409424
26.479166
24963
339166590
-1183337104
 340619317
-1183013480
1016.409424
26.479166
24963
339166590
-1183337104
 340619303
-1183013370
1016.409424
26.479166
24963
339166590
-1183337104
 340619235
-1183013463
1016.409424
26.479166
24963
339166590
-1183337104
 340619235
-1183013580
1016.409424
26.479166
24963
339166590
-1183337104
 340619111
-1183013580
1016.409424
26.479166
24963
339166590
-1183337104
 340619072
-1183013591
1016.409424
26.479166
24963
339166590
-1183337104
 340619072
-1183013673
1016.409424
26.479166
24963
339166590
-1183337104
 340619069
-1183013673
1016.409424
26.479166
24963
339166590
-1183337104
 340618908
-1183014041
1016.409424
26.479166
24963
339166590
-1183337104
 340618908
-1183014061
1016.409424
26.479166
24963
339166590
-1183337104
 340618880
-1183014061
1016.409424
26.479166
24963
339166590
-1183337104
 340618783
-1183014208
1016.409424
26.479166
24963
339166590
-1183337104
 340618734
-1183014303
1016.409424
26.479166
24963
339166590
-1183337104
 340618734
-1183014332
1016.409424
26.479166
24963
339166590
-1183337104
 340618691
-1183014332
1016.409424
26.479166
24963
339166590
-1183337104
 340618711
-1183014369
1016.409424
26.479166
24963
339166590
-1183337104
 340618701
-1183014434
1016.409424
26.479166
24963
339166590
-1183337104
 340618701
-1183014665
1016.409424
26.479166
24963
339166590
-1183337104
 340618715
-1183014665
1016.409424
26.479166
24963
339166590
-1183337104
 340618824
-1183014494
1016.409424
26.479166
24963
339166590
-1183337104
 340618824
-1183014443
1016.409424
26.479166
24963
339166590
-1183337104
 340618797
-1183014443
1016.409424
26.479166
24963
339166590
-1183337104
 340618873
-1183014329
1016.409424
26.479166
24963
339166590
-1183337104
 340618873
-1183014336
1016.409424
26.479166
24963
339166590
-1183337104
 340618869
-1183014336
1016.409424
26.479166
24963
339166590
-1183337104
 340618819
-1183014438
1016.409424
26.479166
24963
339166590
-1183337104
 340618819
-1183014457
1016.409424
26.479166
24963
339166590
-1183337104
 340618832
-1183014457
1016.409424
26.479166
24963
339166590
-1183337104
 340618782
-1183014279
1016.409424
26.479166
24963
339166590
-1183337104
 340618782
-1183014505
1016.409424
26.479166
24963
339166590
-1183337104
 340618736
-1183014505
1016.409424
26.479166
24963
339166590
-1183337104
 340618979
-1183013948
1016.409424
26.479166
24963
339166590
-1183337104
 340618979
-1183013897
1016.409424
26.479166
24963
339166590
-1183337104
 340618994
-1183013897
1016.409424
26.479166
24963
339166590
-1183337104
 340619056
-1183013865
1016.409424
26.479166
24963
339166590
-1183337104
 340619056
-1183013943
1016.409424
26.479166
24963
339166590
-1183337104
 340619098
-1183013943
1016.409424
26.479166
24963
339166590
-1183337104
 340618970
-1183014335
1016.409424
26.479166
24963
339166590
-1183337104
 340618929
-1183014297
1016.409424
26.479166
24963
339166590
-1183337104
 340618929
-1183014279
1016.409424
26.479166
24963
339166590
-1183337104
 340618892
-1183014279
1016.409424
26.479166
24963
339166590
-1183337104
 340618817
-1183014152
1016.409424
26.479166
24963
339166590
-1183337104
 340618817
-1183014124
1016.409424
26.479166
24963
339166590
-1183337104
 340618794
-1183014124
1016.409424
26.479166
24963
339166590
-1183337104
 340618789
-1183013792
1016.409424
26.479166
24963
339166590
-1183337104
 340618789
-1183013831
1016.409424
26.479166
24963
339166590
-1183337104
 340618960
-1183013831
1016.409424
26.479166
24963
339166590
-1183337104
 340619146
-1183013668
1016.409424
26.479166
24963
339166590
-1183337104
 340619146
-1183013711
1016.409424
26.479166
24963
339166590
-1183337104
 340619235
-1183013711
1016.409424
26.479166
24963
339166590
-1183337104
 340619290
-1183013588
1016.409424
26.479166
24963
339166590
-1183337104
 340619290
-1183013590
1016.409424
26.479166
24963
339166590
-1183337104
 340619238
-1183013590
1016.409424
26.479166
24963
339166590
-1183337104
 340619251
-1183014153
1016.409424
26.479166
24963
339166590
-1183337104
 340619349
-1183014168
1016.409424
26.479166
24963
339166590
-1183337104
 340619349
-1183013906
1016.409424
26.479166
24963
339166590
-1183337104
 340619487
-1183013906
1016.409424
26.479166
24963
339166590
-1183337104
 340619323
-1183014908
1016.409424
26.479166
24963
339166590
-1183337104
 340619323
-1183015017
1016.409424
26.479166
24963
339166590
-1183337104
 340619444
-1183015017
1016.409424
26.479166
24963
339166590
-1183337104
 340619427
-1183014886
1016.409424
26.479166
24963
339166590
-1183337104
 340619446
-1183014987
1016.409424
26.479166
24963
339166590
-1183337104
 340619446
-1183015084
1016.409424
26.479166
24963
339166590
-1183337104
 340619462
-1183015084
1016.409424
26.479166
24963
339166590
-1183337104
 340619434
-1183015133
1016.409424
26.479166
24963
339166590
-1183337104
 340619494
-1183015109
1016.409424
26.479166
24963
339166590
-1183337104
 340619494
-1183015044
1016.409424
26.479166
24963
339166590
-1183337104
 340619563
-1183015044
1016.409424
26.479166
24963
339166590
-1183337104
 340619545
-1183015304
1016.409424
26.479166
24963
339166590
-1183337104
 340619566
-1183015364
1016.409424
26.479166
24963
339166590
-1183337104
 340619566
-1183015408
1016.409424
26.479166
24963
339166590
-1183337104
 340619589
-1183015408
1016.409424
26.479166
24963
339166590
-1183337104
 340619615
-1183015268
1016.409424
26.479166
24963
339166590
-1183337104
 340619615
-1183015342
1016.409424
26.479166
24963
339166590
-1183337104
 340619594
-1183015342
1016.409424
26.479166
24963
339166590
-1183337104
 340619533
-1183015009
1016.409424
26.479166
24963
339166590
-1183337104
 340619459
-1183014953
1016.409424
26.479166
24963
339166590
-1183337104
 340619459
-1183015033
1016.409424
26.479166
24963
339166590
-1183337104
 340619435
-1183015033
1016.409424
26.479166
24963
339166590
-1183337104
 340619183
-1183015302
1016.409424
26.479166
24963
339166590
-1183337104
 340619183
-1183015306
1016.409424
26.479166
24963
339166590
-1183337104
 340619305
-1183015306
1016.409424
26.479166
24963
339166590
-1183337104
 340619012
-1183015316
1016.409424
26.479166
24963
339166590
-1183337104
 340619012
-1183015279
1016.409424
26.479166
24963
339166590
-1183337104
 340618939
-1183015279
1016.409424
26.479166
24963
339166590
-1183337104
 340618833
-1183015134
1016.409424
26.479166
24963
339166590
-1183337104
 340618833
-1183015158
1016.409424
26.479166
24963
339166590
-1183337104
 340618751
-1183015158
1016.409424
26.479166
24963
339166590
-1183337104
 340618721
-1183014999
1016.409424
26.479166
24963
339166590
-1183337104
 340618721
-1183015099
1016.409424
26.479166
24963
339166590
-1183337104
 340618650
-1183015099
1016.409424
26.479166
24963
339166590
-1183337104
 340618712
-1183014943
1016.409424
26.479166
24963
339166590
-1183337104
 340618712
-1183014949
1016.409424
26.479166
24963
339166590
-1183337104
 340618647
-1183014949
1016.409424
26.479166
24963
339166590
-1183337104
 340618674
-1183014576
1016.409424
26.479166
24963
339166590
-1183337104
 340618585
-1183014604
1016.409424
26.479166
24963
339166590
-1183337104
 340618585
-1183014608
1016.409424
26.479166
24963
339166590
-1183337104
 340618612
-1183014608
1016.409424
26.479166
24963
339166590
-1183337104
 340618540
-1183014329
1016.409424
26.479166
24963
339166590
-1183337104
 340618484
-1183014432
1016.409424
26.479166
24963
339166590
-1183337104
 340618484
-1183014618
1016.409424
26.479166
24963
339166590
-1183337104
 340618390
-1183014618
1016.409424
26.479166
24963
339166590
-1183337104
 340618464
-1183014492
1016.409424
26.479166
24963
339166590
-1183337104
 340618464
-1183014556
1016.409424
26.479166
24963
339166590
-1183337104
 340618429
-1183014556
1016.409424
26.479166
24963
339166590
-1183337104
 340618578
-1183014361
1016.409424
26.479166
24963
339166590
-1183337104
 340618578
-1183014411
1016.409424
26.479166
24963
339166590
-1183337104
 340618587
-1183014411
1016.409424
26.479166
24963
339166590
-1183337104
 340618816
-1183014222
1016.409424
26.479166
24963
339166590
-1183337104
 340618816
-1183014278
1016.409424
26.479166
24963
339166590
-1183337104
 340618873
-1183014278
1016.409424
26.479166
24963
339166590
-1183337104
 340619014
-1183014143
1016.409424
26.479166
24963
339166590
-1183337104
 340619014
-1183014170
1016.409424
26.479166
24963
339166590
-1183337104
 340619060
-1183014170
1016.409424
26.479166
24963
339166590
-1183337104
 340619199
-1183014020
1016.409424
26.479166
24963
339166590
-1183337104
 340619199
-1183014301
1016.409424
26.479166
24963
339166590
-1183337104
 340619145
-1183014301
1016.409424
26.479166
24963
339166590
-1183337104
 340619224
-1183014362
1016.409424
26.479166
24963
339166590
-1183337104
 340619224
-1183014395
1016.409424
26.479166
24963
339166590
-1183337104
 340619211
-1183014395
1016.409424
26.479166
24963
339166590
-1183337104
 340619206
-1183014249
1016.409424
26.479166
24963
339166590
-1183337104
 340619206
-1183014173
1016.409424
26.479166
24963
339166590
-1183337104
 340619283
-1183014173
1016.409424
26.479166
24963
339166590
-1183337104
 340619262
-1183014261
1016.409424
26.479166
24963
339166590
-1183337104
 340619358
-1183014215
1016.409424
26.479166
24963
339166590
-1183337104
 340619358
-1183014244
1016.409424
26.479166
24963
339166590
-1183337104
 340619399
-1183014244
1016.409424
26.479166
24963
339166590
-1183337104
 340619395
-1183014275
1016.409424
26.479166
24963
339166590
-1183337104
 340619443
-1183014192
1016.409424
26.479166
24963
339166590
-1183337104
 340619443
-1183014167
1016.409424
26.479166
24963
339166590
-1183337104
 340619481
-1183014167
1016.409424
26.479166
24963
339166590
-1183337104
 340619560
-1183014030
1016.409424
26.479166
24963
339166590
-1183337104
 340619560
-1183014099
1016.409424
26.479166
24963
339166590
-1183337104
 340619797
-1183014099
1016.409424
26.479166
24963
339166590
-1183337104
 340619711
-1183014317
1016.409424
26.479166
24963
339166590
-1183337104
 340619711
-1183014541
1016.409424
26.479166
24963
339166590
-1183337104
 340619652
-1183014541
1016.409424
26.479166
24963
339166590
-1183337104
 340619801
-1183014597
1016.409424
26.479166
24963
339166590
-1183337104
 340619829
-1183014688
1016.409424
26.479166
24963
339166590
-1183337104
 340619829
-1183014653
1016.409424
26.479166
24963
339166590
-1183337104
 340619909
-1183014653
1016.409424
26.479166
24963
339166590
-1183337104
 340619912
-1183014541
1016.409424
26.479166
24963
339166590
-1183337104
 340619912
-1183014486
1016.409424
26.479166
24963
339166590
-1183337104
 340619947
-1183014486
1016.409424
26.479166
24963
339166590
-1183337104
 340619980
-1183014437
1016.409424
26.479166
24963
339166590
-1183337104
 340619980
-1183014370
1016.409424
26.479166
24963
339166590
-1183337104
 340619946
-1183014370
1016.409424
26.479166
24963
339166590
-1183337104
 340619855
-1183014405
1016.409424
26.479166
24963
339166590
-1183337104
 340619746
-1183014355
1016.409424
26.479166
24963
339166590
-1183337104
 340619746
-1183014421
1016.409424
26.479166
24963
339166590
-1183337104
 340619742
-1183014421
1016.409424
26.479166
24963
339166590
-1183337104
 340619712
-1183014172
1016.409424
26.479166
24963
339166590
-1183337104
 340619712
-1183014047
1016.409424
26.479166
24963
339166590
-1183337104
 340619669
-1183014047
1016.409424
26.479166
24963
339166590
-1183337104
 340619423
-1183013433
1016.409424
26.479166
24963
339166590
-1183337104
 340619423
-1183013264
1016.409424
26.479166
24963
339166590
-1183337104
 340619318
-1183013264
1016.409424
26.479166
24963
339166590
-1183337104
 340619236
-1183013053
1016.409424
26.479166
24963
339166590
-1183337104
 340619236
-1183013084
1016.409424
26.479166
24963
339166590
-1183337104
 340619069
-1183013084
1016.409424
26.479166
24963
339166590
-1183337104
 340618818
-1183012864
1016.409424
26.479166
24963
339166590
-1183337104
 340618818
-1183012764
1016.409424
26.479166
24963
339166590
-1183337104
 340618754
-1183012764
1016.409424
26.479166
24963
339166590
-1183337104
 340618820
-1183012666
1016.409424
26.479166
24963
339166590
-1183337104
 340618820
-1183012613
1016.409424
26.479166
24963
339166590
-1183337104
 340618740
-1183012613
1016.409424
26.479166
24963
339166590
-1183337104
 340618757
-1183012623
1016.409424
26.479166
24963
339166590
-1183337104
 340618757
-1183012610
1016.409424
26.479166
24963
339166590
-1183337104
 340618739
-1183012610
1016.409424
26.479166
24963
339166590
-1183337104
 340618891
-1183012761
1016.409424
26.479166
24963
339166590
-1183337104
 340618876
-1183012768
1016.409424
26.479166
24963
339166590
-1183337104
 340618876
-1183012845
1016.409424
26.479166
24963
339166590
-1183337104
 340618838
-1183012845
1016.409424
26.479166
24963
339166590
-1183337104
 340618987
-1183012997
1016.409424
26.479166
24963
339166590
-1183337104
 340618975
-1183013084
1016.409424
26.479166
24963
339166590
-1183337104
 340618975
-1183013147
1016.409424
26.479166
24963
339166590
-1183337104
 340618966
-1183013147
1016.409424
26.479166
24963
339166590
-1183337104
 340619161
-1183013362
1016.409424
26.479166
24963
339166590
-1183337104
 340619161
-1183013417
1016.409424
26.479166
24963
339166590
-1183337104
 340619148
-1183013417
1016.409424
26.479166
24963
339166590
-1183337104
 340619142
-1183013351
1016.409424
26.479166
24963
339166590
-1183337104
 340619142
-1183013372
1016.409424
26.479166
24963
339166590
-1183337104
 340619142
-1183013372
1016.409424
26.479166
24963
339166590
-1183337104
 340619157
-1183013541
1016.409424
26.479166
24963
339166590
-1183337104
 340619108
-1183013605
1016.409424
26.479166
24963
339166590
-1183337104
 340619108
-1183013587
1016.409424
26.479166
24963
339166590
-1183337104
 340619066
-1183013587
1016.409424
26.479166
24963
339166590
-1183337104
 340619274
-1183013737
1016.409424
26.479166
24963
339166590
-1183337104
 340619274
-1183013718
1016.409424
26.479166
24963
339166590
-1183337104
 340619350
-1183013718
1016.409424
26.479166
24963
339166590
-1183337104
 340619424
-1183013626
1016.409424
26.479166
24963
339166590
-1183337104
 340619424
-1183013650
1016.409424
26.479166
24963
339166590
-1183337104
 340619384
-1183013650
1016.409424
26.479166
24963
339166590
-1183337104
 340619409
-1183013557
1016.409424
26.479166
24963
339166590
-1183337104
 340619400
-1183013578
1016.409424
26.479166
24963
339166590
-1183337104
 340619400
-1183013606
1016.409424
26.479166
24963
339166590
-1183337104
 340619357
-1183013606
1016.409424
26.479166
24963
339166590
-1183337104
 340619492
-1183013584
1016.409424
26.479166
24963
339166590
-1183337104
 340619492
-1183013609
1016.409424
26.479166
24963
339166590
-1183337104
 340619435
-1183013609
1016.409424
26.479166
24963
339166590
-1183337104
 340619254
-1183013432
1016.409424
26.479166
24963
339166590
-1183337104
 340619254
-1183013420
1016.409424
26.479166
24963
339166590
-1183337104
 340619279
-1183013420
1016.409424
26.479166
24963
339166590
-1183337104
 340619245
-1183013173
1016.409424
26.479166
24963
339166590
-1183337104
 340619245
-1183013159
1016.409424
26.479166
24963
339166590
-1183337104
 340619241
-1183013159
1016.409424
26.479166
24963
339166590
-1183337104
 340619446
-1183013102
1016.409424
26.479166
24963
339166590
-1183337104
 340619446
-1183013102
1016.409424
26.479166
24963
339166590
-1183337104
 340619399
-1183013102
1016.409424
26.479166
24963
339166590
-1183337104
 340619169
-1183012890
1016.409424
26.479166
24963
339166590
-1183337104
 340619163
-1183012874
1016.409424
26.479166
24963
339166590
-1183337104
 340619163
-1183012857
1016.409424
26.479166
24963
339166590
-1183337104
 340619163
-1183012857
1016.409424
26.479166
24963
339166590
-1183337104
 340619051
-1183012519
1016.409424
26.479166
24963
339166590
-1183337104
 340619051
-1183012470
1016.409424
26.479166
24963
339166590
-1183337104
 340619074
-1183012470
1016.409424
26.479166
24963
339166590
-1183337104
 340619130
-1183012381
1016.409424
26.479166
24963
339166590
-1183337104
 340619130
-1183012375
1016.409424
26.479166
24963
339166590
-1183337104
 340619175
-1183012375
1016.409424
26.479166
24963
339166590
-1183337104
 340619002
-1183012776
1016.409424
26.479166
24963
339166590
-1183337104
 340619002
-1183012927
1016.409424
26.479166
24963
339166590
-1183337104
 340618944
-1183012927
1016.409424
26.479166
24963
339166590
-1183337104
 340619039
-1183012797
1016.409424
26.479166
24963
339166590
-1183337104
 340619039
-1183012796
1016.409424
26.479166
24963
339166590
-1183337104
 340618991
-1183012796
1016.409424
26.479166
24963
339166590
-1183337104
 340619116
-1183012505
1016.409424
26.479166
24963
339166590
-1183337104
 340619116
-1183012428
1016.409424
26.479166
24963
339166590
-1183337104
 340619212
-1183012428
1016.409424
26.479166
24963
339166590
-1183337104
 340619320
-1183012595
1016.409424
26.479166
24963
339166590
-1183337104
 340619320
-1183012344
1016.409424
26.479166
24963
339166590
-1183337104
 340619429
-1183012344
1016.409424
26.479166
24963
339166590
-1183337104
 340620444
-1183011219
1016.409424
26.479166
24963
339166590
-1183337104
 340620444
-1183010719
1016.409424
26.479166
24963
339166590
-1183337104
 340620821
-1183010719
1016.409424
26.479166
24963
339166590
-1183337104
 340621492
-1183010026
1016.409424
26.479166
24963
339166590
-1183337104
 340621654
-1183009795
1016.409424
26.479166
24963
339166590
-1183337104
 340621654
-1183009651
1016.409424
26.479166
24963
339166590
-1183337104
 340621665
-1183009651
1016.409424
26.479166
24963
339166590
-1183337104
 340621777
-1183009685
1016.409424
26.479166
24963
339166590
-1183337104
 340621883
-1183009566
1016.409424
26.479166
24963
339166590
-1183337104
 340621883
-1183009415
1016.409424
26.479166
24963
339166590
-1183337104
 340621979
-1183009415
1016.409424
26.479166
24963
339166590
-1183337104
 340622128
-1183009363
1016.409424
26.479166
24963
339166590
-1183337104
 340622128
-1183009381
1016.409424
26.479166
24963
339166590
-1183337104
 340622141
-1183009381
1016.409424
26.479166
24963
339166590
-1183337104
 340622123
-1183009847
1016.409424
26.479166
24963
339166590
-1183337104
 340622123
-1183009828
1016.409424
26.479166
24963
339166590
-1183337104
 340622106
-1183009828
1016.409424
26.479166
24963
339166590
-1183337104
 340622268
-1183010025
1016.409424
26.479166
24963
339166590
-1183337104
 340622278
-1183010063
1016.409424
26.479166
24963
339166590
-1183337104
 340622278
-1183010015
1016.409424
26.479166
24963
339166590
-1183337104
 340622260
-1183010015
1016.409424
26.479166
24963
339166590
-1183337104
 340622457
-1183010079
1016.409424
26.479166
24963
339166590
-1183337104
 340622474
-1183010025
1016.409424
26.479166
24963
339166590
-1183337104
 340622474
-1183010052
1016.409424
26.479166
24963
339166590
-1183337104
 340622501
-1183010052
1016.409424
26.479166
24963
339166590
-1183337104
 340622467
-1183010027
1016.409424
26.479166
24963
339166590
-1183337104
 340622467
-1183010002
1016.409424
26.479166
24963
339166590
-1183337104
 340622384
-1183010002
1016.409424
26.479166
24963
339166590
-1183337104
 340622191
-1183009932
1016.409424
26.479166
24963
339166590
-1183337104
 340622191
-1183009877
1016.409424
26.479166
24963
339166590
-1183337104
 340622050
-1183009877
1016.409424
26.479166
24963
339166590
-1183337104
 340621865
-1183010107
1016.409424
26.479166
24963
339166590
-1183337104
 340621865
-1183010090
1016.409424
26.479166
24963
339166590
-1183337104
 340621775
-1183010090
1016.409424
26.479166
24963
339166590
-1183337104
 340621513
-1183010245
1016.409424
26.479166
24963
339166590
-1183337104
 340621513
-1183010265
1016.409424
26.479166
24963
339166590
-1183337104
 340621453
-1183010265
1016.409424
26.479166
24963
339166590
-1183337104
 340621399
-1183010570
1016.409424
26.479166
24963
339166590
-1183337104
 340621303
-1183010692
1016.409424
26.479166
24963
339166590
-1183337104
 340621303
-1183010850
1016.409424
26.479166
24963
339166590
-1183337104
 340621144
-1183010850
1016.409424
26.479166
24963
339166590
-1183337104
 340621096
-1183011062
1016.409424
26.479166
24963
339166590
-1183337104
 340620956
-1183011158
1016.409424
26.479166
24963
339166590
-1183337104
 340620956
-1183011291
1016.409424
26.479166
24963
339166590
-1183337104
 340620754
-1183011291
1016.409424
26.479166
24963
339166590
-1183337104
 340620612
-1183011555
1016.409424
26.479166
24963
339166590
-1183337104
 340620612
-1183011582
1016.409424
26.479166
24963
339166590
-1183337104
 340620504
-1183011582
1016.409424
26.479166
24963
339166590
-1183337104
 340620414
-1183011486
1016.409424
26.479166
24963
339166590
-1183337104
 340620414
-1183011606
1016.409424
26.479166
24963
339166590
-1183337104
 340620306
-1183011606
1016.409424
26.479166
24963
339166590
-1183337104
 340620167
-1183011856
1016.409424
26.479166
24963
339166590
-1183337104
 340620167
-1183011935
1016.409424
26.479166
24963
339166590
-1183337104
 340620024
-1183011935
1016.409424
26.479166
24963
339166590
-1183337104
 340619796
-1183012131
1016.409424
26.479166
24963
339166590
-1183337104
 340619796
-1183011984
1016.409424
26.479166
24963
339166590
-1183337104
 340619745
-1183011984
1016.409424
26.479166
24963
339166590
-1183337104
 340619412
-1183011657
1016.409424
26.479166
24963
339166590
-1183337104
 340619412
-1183011624
1016.409424
26.479166
24963
339166590
-1183337104
 340619289
-1183011624
1016.409424
26.479166
24963
339166590
-1183337104
 340619290
-1183011552
1016.409424
26.479166
24963
339166590
-1183337104
 340619252
-1183011560
1016.409424
26.479166
24963
339166590
-1183337104
 340619252
-1183011472
1016.409424
26.479166
24963
339166590
-1183337104
 340619203
-1183011472
1016.409424
26.479166
24963
339166590
-1183337104
 340618975
-1183011688
1016.409424
26.479166
24963
339166590
-1183337104
 340618975
-1183011751
1016.409424
26.479166
24963
339166590
-1183337104
 340618774
-1183011751
1016.409424
26.479166
24963
339166590
-1183337104
 340618605
-1183011867
1016.409424
26.479166
24963
339166590
-1183337104
 340618605
-1183012030
1016.409424
26.479166
24963
339166590
-1183337104
 340618623
-1183012030
1016.409424
26.479166
24963
339166590
-1183337104
 340618617
-1183012152
1016.409424
26.479166
24963
339166590
-1183337104
 340618559
-1183012358
1016.409424
26.479166
24963
339166590
-1183337104
 340618559
-1183012428
1016.409424
26.479166
24963
339166590
-1183337104
 340618473
-1183012428
1016.409424
26.479166
24963
339166590
-1183337104
 340618419
-1183012615
1016.409424
26.479166
24963
339166590
-1183337104
 340618337
-1183012672
1016.409424
26.479166
24963
339166590
-1183337104
 340618337
-1183012591
1016.409424
26.479166
24963
339166590
-1183337104
 340618293
-1183012591
1016.409424
26.479166
24963
339166590
-1183337104
 340618209
-1183012535
1016.409424
26.479166
24963
339166590
-1183337104
 340618209
-1183012589
1016.409424
26.479166
24963
339166590
-1183337104
 340618242
-1183012589
1016.409424
26.479166
24963
339166590
-1183337104
 340618262
-1183012546
1016.409424
26.479166
24963
339166590
-1183337104
 340618262
-1183012400
1016.409424
26.479166
24963
339166590
-1183337104
 340618212
-1183012400
1016.409424
26.479166
24963
339166590
-1183337104
 340618116
-1183012494
1016.409424
26.479166
24963
339166590
-1183337104
 340618116
-1183012568
1016.409424
26.479166
24963
339166590
-1183337104
 340618027
-1183012568
1016.409424
26.479166
24963
339166590
-1183337104
 340617983
-1183012850
1016.409424
26.479166
24963
339166590
-1183337104
 340617983
-1183012888
1016.409424
26.479166
24963
339166590
-1183337104
 340617952
-1183012888
1016.409424
26.479166
24963
339166590
-1183337104
 340617884
-1183012898
1016.409424
26.479166
24963
339166590
-1183337104
 340617840
-1183012934
1016.409424
26.479166
24963
339166590
-1183337104
 340617840
-1183012947
1016.409424
26.479166
24963
339166590
-1183337104
 340617710
-1183012947
1016.409424
26.479166
24963
339166590
-1183337104
 340617519
-1183012690
1016.409424
26.479166
24963
339166590
-1183337104
 340617425
-1183012525
1016.409424
26.479166
24963
339166590
-1183337104
 340617425
-1183012458
1016.409424
26.479166
24963
339166590
-1183337104
 340617342
-1183012458
1016.409424
26.479166
24963
339166590
-1183337104
 340617169
-1183012144
1016.409424
26.479166
24963
339166590
-1183337104
 340617076
-1183012121
1016.409424
26.479166
24963
339166590
-1183337104
 340617076
-1183012102
1016.409424
26.479166
24963
339166590
-1183337104
 340617021
-1183012102
1016.409424
26.479166
24963
339166590
-1183337104
 340617227
-1183012319
1016.409424
26.479166
24963
339166590
-1183337104
 340617188
-1183012261
1016.409424
26.479166
24963
339166590
-1183337104
 340617188
-1183012216
1016.409424
26.479166
24963
339166590
-1183337104
 340617180
-1183012216
1016.409424
26.479166
24963
339166590
-1183337104
 340617050
-1183012030
1016.409424
26.479166
24963
339166590
-1183337104
 340617048
-1183011941
1016.409424
26.479166
24963
339166590
-1183337104
 340617048
-1183011728
1016.409424
26.479166
24963
339166590
-1183337104
 340617044
-1183011728
1016.409424
26.479166
24963
339166590
-1183337104
 340617271
-1183011987
1016.409424
26.479166
24963
339166590
-1183337104
 340617271
-1183011967
1016.409424
26.479166
24963
339166590
-1183337104
 340617271
-1183011967
1016.409424
26.479166
24963
339166590
-1183337104
 340617508
-1183012183
1016.409424
26.479166
24963
339166590
-1183337104
 340617508
-1183012084
1016.409424
26.479166
24963
339166590
-1183337104
 340617536
-1183012084
1016.409424
26.479166
24963
339166590
-1183337104
 340617822
-1183012055
1016.409424
26.479166
24963
339166590
-1183337104
 340617822
-1183012001
1016.409424
26.479166
24963
339166590
-1183337104
 340617821
-1183012001
1016.409424
26.479166
24963
339166590
-1183337104
 340618041
-1183012152
1016.409424
26.479166
24963
339166590
-1183337104
 340618081
-1183012114
1016.409424
26.479166
24963
339166590
-1183337104
 340618081
-1183012327
1016.409424
26.479166
24963
339166590
-1183337104
 340618252
-1183012327
1016.409424
26.479166
24963
339166590
-1183337104
 340618562
-1183012750
1016.409424
26.479166
24963
339166590
-1183337104
 340618562
-1183012834
1016.409424
26.479166
24963
339166590
-1183337104
 340618628
-1183012834
1016.409424
26.479166
24963
339166590
-1183337104
 340618942
-1183013074
1016.409424
26.479166
24963
339166590
-1183337104
 340618942
-1183013115
1016.409424
26.479166
24963
339166590
-1183337104
 340619025
-1183013115
1016.409424
26.479166
24963
339166590
-1183337104
 340619081
-1183013077
1016.409424
26.479166
24963
339166590
-1183337104
 340619081
-1183013023
1016.409424
26.479166
24963
339166590
-1183337104
 340619131
-1183013023
1016.409424
26.479166
24963
339166590
-1183337104
 340618842
-1183012875
1016.409424
26.479166
24963
339166590
-1183337104
 340618811
-1183013011
1016.409424
26.479166
24963
339166590
-1183337104
 340618811
-1183013069
1016.409424
26.479166
24963
339166590
-1183337104
 340618865
-1183013069
1016.409424
26.479166
24963
339166590
-1183337104
 340619231
-1183013239
1016.409424
26.479166
24963
339166590
-1183337104
 340619231
-1183013429
1016.409424
26.479166
24963
339166590
-1183337104
 340619370
-1183013429
1016.409424
26.479166
24963
339166590
-1183337104
 340619144
-1183013306
1016.409424
26.479166
24963
339166590
-1183337104
 340619144
-1183013367
1016.409424
26.479166
24963
339166590
-1183337104
 340619163
-1183013367
1016.409424
26.479166
24963
339166590
-1183337104
 340619099
-1183013407
1016.409424
26.479166
24963
339166590
-1183337104
 340619099
-1183013503
1016.409424
26.479166
24963
339166590
-1183337104
 340619172
-1183013503
1016.409424
26.479166
24963
339166590
-1183337104
 340619433
-1183013888
1016.409424
26.479166
24963
339166590
-1183337104
 340619433
-1183014035
1016.409424
26.479166
24963
339166590
-1183337104
 340619446
-1183014035
1016.409424
26.479166
24963
339166590
-1183337104
 340619306
-1183014109
1016.409424
26.479166
24963
339166590
-1183337104
 340619306
-1183014230
1016.409424
26.479166
24963
339166590
-1183337104
 340619244
-1183014230
1016.409424
26.479166
24963
339166590
-1183337104
 340618959
-1183014112
1016.409424
26.479166
24963
339166590
-1183337104
 340618959
-1183014072
1016.409424
26.479166
24963
339166590
-1183337104
 340618932
-1183014072
1016.409424
26.479166
24963
339166590
-1183337104
 340618900
-1183013795
1016.409424
26.479166
24963
339166590
-1183337104
 340618900
-1183013784
1016.409424
26.479166
24963
339166590
-1183337104
 340618912
-1183013784
1016.409424
26.479166
24963
339166590
-1183337104
 340618972
-1183013776
1016.409424
26.479166
24963
339166590
-1183337104
 340618938
-1183013776
1016.409424
26.479166
24963
339166590
-1183337104
 340618938
-1183013676
1016.409424
26.479166
24963
339166590
-1183337104
 340618933
-1183013676
1016.409424
26.479166
24963
339166590
-1183337104
 340618778
-1183013492
1016.409424
26.479166
24963
339166590
-1183337104
 340618778
-1183013324
1016.409424
26.479166
24963
339166590
-1183337104
 340618859
-1183013324
1016.409424
26.479166
24963
339166590
-1183337104
 340618734
-1183013400
1016.409424
26.479166
24963
339166590
-1183337104
 340618734
-1183013546
1016.409424
26.479166
24963
339166590
-1183337104
 340618901
-1183013546
1016.409424
26.479166
24963
339166590
-1183337104
 340618817
-1183013084
1016.409424
26.479166
24963
339166590
-1183337104
 340618817
-1183013152
1016.409424
26.479166
24963
339166590
-1183337104
 340618862
-1183013152
1016.409424
26.479166
24963
339166590
-1183337104
 340619018
-1183013112
1016.409424
26.479166
24963
339166590
-1183337104
 340619009
-1183013060
1016.409424
26.479166
24963
339166590
-1183337104
 340619009
-1183013003
1016.409424
26.479166
24963
339166590
-1183337104
 340619006
-1183013003
1016.409424
26.479166
24963
339166590
-1183337104
 340618834
-1183013056
1016.409424
26.479166
24963
339166590
-1183337104
 340618834
-1183013012
1016.409424
26.479166
24963
339166590
-1183337104
 340618843
-1183013012
1016.409424
26.479166
24963
339166590
-1183337104
 340619015
-1183012754
1016.409424
26.479166
24963
339166590
-1183337104
 340619015
-1183012695
1016.409424
26.479166
24963
339166590
-1183337104
 340619030
-1183012695
1016.409424
26.479166
24963
339166590
-1183337104
 340618998
-1183012701
1016.409424
26.479166
24963
339166590
-1183337104
 340618998
-1183012355
1016.409424
26.479166
24963
339166590
-1183337104
 340618763
-1183012355
1016.409424
26.479166
24963
339166590
-1183337104
 340618777
-1183011960
1016.409424
26.479166
24963
339166590
-1183337104
 340618691
-1183011744
1016.409424
26.479166
24963
339166590
-1183337104
 340618691
-1183011528
1016.409424
26.479166
24963
339166590
-1183337104
 340618711
-1183011528
1016.409424
26.479166
24963
339166590
-1183337104
 340619095
-1183011454
1016.409424
26.479166
24963
339166590
-1183337104
 340619095
-1183011321
1016.409424
26.479166
24963
339166590
-1183337104
 340619174
-1183011321
1016.409424
26.479166
24963
339166590
-1183337104
 340619542
-1183011266
1016.409424
26.479166
24963
339166590
-1183337104
 340619542
-1183011220
1016.409424
26.479166
24963
339166590
-1183337104
 340619677
-1183011220
1016.409424
26.479166
24963
339166590
-1183337104
 340619907
-1183011337
1016.409424
26.479166
24963
339166590
-1183337104
 340619907
-1183011271
1016.409424
26.479166
24963
339166590
-1183337104
 340619988
-1183011271
1016.409424
26.479166
24963
339166590
-1183337104
 340619769
-1183011513
1016.409424
26.479166
24963
339166590
-1183337104
 340619769
-1183011341
1016.409424
26.479166
24963
339166590
-1183337104
 340619801
-1183011341
1016.409424
26.479166
24963
339166590
-1183337104
 340619650
-1183011871
1016.409424
26.479166
24963
339166590
-1183337104
 340619673
-1183011868
1016.409424
26.479166
24963
339166590
-1183337104
 340619673
-1183011959
1016.409424
26.479166
24963
339166590
-1183337104
 340619693
-1183011959
1016.409424
26.479166
24963
339166590
-1183337104
 340619886
-1183011825
1016.409424
26.479166
24963
339166590
-1183337104
 340619886
-1183012003
1016.409424
26.479166
24963
339166590
-1183337104
 340619769
-1183012003
1016.409424
26.479166
24963
339166590
-1183337104
 340619789
-1183012145
1016.409424
26.479166
24963
339166590
-1183337104
 340619619
-1183012250
1016.409424
26.479166
24963
339166590
-1183337104
 340619619
-1183012287
1016.409424
26.479166
24963
339166590
-1183337104
 340619456
-1183012287
1016.409424
26.479166
24963
339166590
-1183337104
 340619101
-1183012511
1016.409424
26.479166
24963
339166590
-1183337104
 340619101
-1183012422
1016.409424
26.479166
24963
339166590
-1183337104
 340619056
-1183012422
1016.409424
26.479166
24963
339166590
-1183337104
 340619051
-1183012378
1016.409424
26.479166
24963
339166590
-1183337104
 340619051
-1183012311
1016.409424
26.479166
24963
339166590
-1183337104
 340618972
-1183012311
1016.409424
26.479166
24963
339166590
-1183337104
 340619003
-1183012318
1016.409424
26.479166
24963
339166590
-1183337104
 340618838
-1183012339
1016.409424
26.479166
24963
339166590
-1183337104
 340618838
-1183012266
1016.409424
26.479166
24963
339166590
-1183337104
 340618806
-1183012266
1016.409424
26.479166
24963
339166590
-1183337104
 340618583
-1183012044
1016.409424
26.479166
24963
339166590
-1183337104
 340618583
-1183012116
1016.409424
26.479166
24963
339166590
-1183337104
 340618585
-1183012116
1016.409424
26.479166
24963
339166590
-1183337104
 340618505
-1183012480
1016.409424
26.479166
24963
339166590
-1183337104
 340618512
-1183012488
1016.409424
26.479166
24963
339166590
-1183337104
 340618512
-1183012573
1016.409424
26.479166
24963
339166590
-1183337104
 340618388
-1183012573
1016.409424
26.479166
24963
339166590
-1183337104
 340618566
-1183012193
1016.409424
26.479166
24963
339166590
-1183337104
 340618566
-1183012200
1016.409424
26.479166
24963
339166590
-1183337104
 340618551
-1183012200
1016.409424
26.479166
24963
339166590
-1183337104
 340618319
-1183012314
1016.409424
26.479166
24963
339166590
-1183337104
 340618319
-1183012382
1016.409424
26.479166
24963
339166590
-1183337104
 340618270
-1183012382
1016.409424
26.479166
24963
339166590
-1183337104
 340618040
-1183012512
1016.409424
26.479166
24963
339166590
-1183337104
 340618130
-1183012500
1016.409424
26.479166
24963
339166590
-1183337104
 340618130
-1183012506
1016.409424
26.479166
24963
339166590
-1183337104
 340618105
-1183012506
1016.409424
26.479166
24963
339166590
-1183337104
 340618172
-1183012738
1016.409424
26.479166
24963
339166590
-1183337104
 340618164
-1183012746
1016.409424
26.479166
24963
339166590
-1183337104
 340618164
-1183012643
1016.409424
26.479166
24963
339166590
-1183337104
 340618129
-1183012643
1016.409424
26.479166
24963
339166590
-1183337104
 340618145
-1183012721
1016.409424
26.479166
24963
339166590
-1183337104
 340618143
-1183012634
1016.409424
26.479166
24963
339166590
-1183337104
 340618143
-1183012469
1016.409424
26.479166
24963
339166590
-1183337104
 340618180
-1183012469
1016.409424
26.479166
24963
339166590
-1183337104
 340618787
-1183012791
1016.409424
26.479166
24963
339166590
-1183337104
 340618844
-1183012779
1016.409424
26.479166
24963
339166590
-1183337104
 340618844
-1183012713
1016.409424
26.479166
24963
339166590
-1183337104
 340618798
-1183012713
1016.409424
26.479166
24963
339166590
-1183337104
 340618667
-1183012787
1016.409424
26.479166
24963
339166590
-1183337104
 340618551
-1183012728
1016.409424
26.479166
24963
339166590
-1183337104
 340618551
-1183012694
1016.409424
26.479166
24963
339166590
-1183337104
 340618615
-1183012694
1016.409424
26.479166
24963
339166590
-1183337104
 340618797
-1183012718
1016.409424
26.479166
24963
339166590
-1183337104
 340618797
-1183012530
1016.409424
26.479166
24963
339166590
-1183337104
 340618922
-1183012530
1016.409424
26.479166
24963
339166590
-1183337104
 340618898
-1183012360
1016.409424
26.479166
24963
339166590
-1183337104
 340618898
-1183012333
1016.409424
26.479166
24963
339166590
-1183337104
 340618937
-1183012333
1016.409424
26.479166
24963
339166590
-1183337104
 340618805
-1183012426
1016.409424
26.479166
24963
339166590
-1183337104
 340618805
-1183012729
1016.409424
26.479166
24963
339166590
-1183337104
 340619337
-1183012729
1016.409424
26.479166
24963
339166590
-1183337104
 340619598
-1183012973
1016.409424
26.479166
24963
339166590
-1183337104
 340619598
-1183012946
1016.409424
26.479166
24963
339166590
-1183337104
 340619684
-1183012946
1016.409424
26.479166
24963
339166590
-1183337104
 340619797
-1183012976
1016.409424
26.479166
24963
339166590
-1183337104
 340619797
-1183012847
1016.409424
26.479166
24963
339166590
-1183337104
 340619879
-1183012847
1016.409424
26.479166
24963
339166590
-1183337104
 340619864
-1183013477
1016.409424
26.479166
24963
339166590
-1183337104
 340619864
-1183013416
1016.409424
26.479166
24963
339166590
-1183337104
 340619924
-1183013416
1016.409424
26.479166
24963
339166590
-1183337104
 340620112
-1183013913
1016.409424
26.479166
24963
339166590
-1183337104
 340620172
-1183013763
1016.409424
26.479166
24963
339166590
-1183337104
 340620172
-1183013689
1016.409424
26.479166
24963
339166590
-1183337104
 340620190
-1183013689
1016.409424
26.479166
24963
339166590
-1183337104
 340620061
-1183013500
1016.409424
26.479166
24963
339166590
-1183337104
 340620131
-1183013537
1016.409424
26.479166
24963
339166590
-1183337104
 340620131
-1183013685
1016.409424
26.479166
24963
339166590
-1183337104
 340619825
-1183013685
1016.409424
26.479166
24963
339166590
-1183337104
 340619694
-1183013738
1016.409424
26.479166
24963
339166590
-1183337104
 340619694
-1183013738
1016.409424
26.479166
24963
339166590
-1183337104
 340619673
-1183013738
1016.409424
26.479166
24963
339166590
-1183337104
 340619326
-1183013870
1016.409424
26.479166
24963
339166590
-1183337104
 340619326
-1183013871
1016.409424
26.479166
24963
339166590
-1183337104
 340619235
-1183013871
1016.409424
26.479166
24963
339166590
-1183337104
 340619044
-1183014010
1016.409424
26.479166
24963
339166590
-1183337104
 340619051
-1183014053
1016.409424
26.479166
24963
339166590
-1183337104
 340619051
-1183014052
1016.409424
26.479166
24963
339166590
-1183337104
 340618993
-1183014052
1016.409424
26.479166
24963
339166590
-1183337104
 340618932
-1183013823
1016.409424
26.479166
24963
339166590
-1183337104
 340618932
-1183013906
1016.409424
26.479166
24963
339166590
-1183337104
 340619078
-1183013906
1016.409424
26.479166
24963
339166590
-1183337104
 340619208
-1183014257
1016.409424
26.479166
24963
339166590
-1183337104
 340619208
-1183014366
1016.409424
26.479166
24963
339166590
-1183337104
 340619361
-1183014366
1016.409424
26.479166
24963
339166590
-1183337104
 340620102
-1183014560
1016.409424
26.479166
24963
339166590
-1183337104
 340620102
-1183014533
1016.409424
26.479166
24963
339166590
-1183337104
 340620311
-1183014533
1016.409424
26.479166
24963
339166590
-1183337104
 340621039
-1183014276
1016.409424
26.479166
24963
339166590
-1183337104
 340621039
-1183014513
1016.409424
26.479166
24963
339166590
-1183337104
 340621259
-1183014513
1016.409424
26.479166
24963
339166590
-1183337104
 340620906
-1183014526
1016.409424
26.479166
24963
339166590
-1183337104
 340621064
-1183014524
1016.409424
26.479166
24963
339166590
-1183337104
 340621064
-1183014698
1016.409424
26.479166
24963
339166590
-1183337104
 340621030
-1183014698
1016.409424
26.479166
24963
339166590
-1183337104
 340621213
-1183014624
1016.409424
26.479166
24963
339166590
-1183337104
 340621126
-1183014545
1016.409424
26.479166
24963
339166590
-1183337104
 340621126
-1183014533
1016.409424
26.479166
24963
339166590
-1183337104
 340621040
-1183014533
1016.409424
26.479166
24963
339166590
-1183337104
 340620847
-1183014822
1016.409424
26.479166
24963
339166590
-1183337104
 340620847
-1183014798
1016.409424
26.479166
24963
339166590
-1183337104
 340620812
-1183014798
1016.409424
26.479166
24963
339166590
-1183337104
 340621027
-1183015295
1016.409424
26.479166
24963
339166590
-1183337104
 340621027
-1183015167
1016.409424
26.479166
24963
339166590
-1183337104
 340621024
-1183015167
1016.409424
26.479166
24963
339166590
-1183337104
 340620818
-1183014667
1016.409424
26.479166
24963
339166590
-1183337104
 340620795
-1183014616
1016.409424
26.479166
24963
339166590
-1183337104
 340620795
-1183014585
1016.409424
26.479166
24963
339166590
-1183337104
 340620738
-1183014585
1016.409424
26.479166
24963
339166590
-1183337104
 340619834
-1183013583
1016.409424
26.479166
24963
339166590
-1183337104
 340619834
-1183012733
1016.409424
26.479166
24963
339166590
-1183337104
 340619115
-1183012733
1016.409424
26.479166
24963
339166590
-1183337104
 340618550
-1183012282
1016.409424
26.479166
24963
339166590
-1183337104
 340618550
-1183012153
1016.409424
26.479166
24963
339166590
-1183337104
 340618364
-1183012153
1016.409424
26.479166
24963
339166590
-1183337104
 340618100
-1183011913
1016.409424
26.479166
24963
339166590
-1183337104
 340618100
-1183011742
1016.409424
26.479166
24963
339166590
-1183337104
 340618085
-1183011742
1016.409424
26.479166
24963
339166590
-1183337104
 340617913
-1183011506
1016.409424
26.479166
24963
339166590
-1183337104
 340617913
-1183011398
1016.409424
26.479166
24963
339166590
-1183337104
 340617821
-1183011398
1016.409424
26.479166
24963
339166590
-1183337104
 340617619
-1183011365
1016.409424
26.479166
24963
339166590
-1183337104
 340617598
-1183011304
1016.409424
26.479166
24963
339166590
-1183337104
 340617598
-1183011175
1016.409424
26.479166
24963
339166590
-1183337104
 340617659
-1183011175
1016.409424
26.479166
24963
339166590
-1183337104
 340617559
-1183010997
1016.409424
26.479166
24963
339166590
-1183337104
 340617559
-1183011020
1016.409424
26.479166
24963
339166590
-1183337104
 340617530
-1183011020
1016.409424
26.479166
24963
339166590
-1183337104
 340617503
-1183011035
1016.409424
26.479166
24963
339166590
-1183337104
 340617503
-1183011112
1016.409424
26.479166
24963
339166590
-1183337104
 340617516
-1183011112
1016.409424
26.479166
24963
339166590
-1183337104
 340617422
-1183011050
1016.409424
26.479166
24963
339166590
-1183337104
 340617422
-1183011104
1016.409424
26.479166
24963
339166590
-1183337104
 340617392
-1183011104
1016.409424
26.479166
24963
339166590
-1183337104
 340617249
-1183010955
1016.409424
26.479166
24963
339166590
-1183337104
 340617235
-1183010975
1016.409424
26.479166
24963
339166590
-1183337104
 340617235
-1183010996
1016.409424
26.479166
24963
339166590
-1183337104
 340617211
-1183010996
1016.409424
26.479166
24963
339166590
-1183337104
 340617140
-1183011157
1016.409424
26.479166
24963
339166590
-1183337104
 340617140
-1183011156
1016.409424
26.479166
24963
339166590
-1183337104
 340617219
-1183011156
1016.409424
26.479166
24963
339166590
-1183337104
 340617119
-1183011207
1016.409424
26.479166
24963
339166590
-1183337104
 340617119
-1183011228
1016.409424
26.479166
24963
339166590
-1183337104
 340617075
-1183011228
1016.409424
26.479166
24963
339166590
-1183337104
 340617131
-1183011266
1016.409424
26.479166
24963
339166590
-1183337104
 340617131
-1183011258
1016.409424
26.479166
24963
339166590
-1183337104
 340617166
-1183011258
1016.409424
26.479166
24963
339166590
-1183337104
 340617079
-1183011399
1016.409424
26.479166
24963
339166590
-1183337104
 340617079
-1183011380
1016.409424
26.479166
24963
339166590
-1183337104
 340617125
-1183011380
1016.409424
26.479166
24963
339166590
-1183337104
 340617195
-1183011235
1016.409424
26.479166
24963
339166590
-1183337104
 340617195
-1183011020
1016.409424
26.479166
24963
339166590
-1183337104
 340617217
-1183011020
1016.409424
26.479166
24963
339166590
-1183337104
 340617031
-1183011841
1016.409424
26.479166
24963
339166590
-1183337104
 340617031
-1183011709
1016.409424
26.479166
24963
339166590
-1183337104
 340617038
-1183011709
1016.409424
26.479166
24963
339166590
-1183337104
 340617002
-1183011897
1016.409424
26.479166
24963
339166590
-1183337104
 340617045
-1183011892
1016.409424
26.479166
24963
339166590
-1183337104
 340617045
-1183011853
1016.409424
26.479166
24963
339166590
-1183337104
 340617007
-1183011853
1016.409424
26.479166
24963
339166590
-1183337104
 340616976
-1183012410
1016.409424
26.479166
24963
339166590
-1183337104
 340616976
-1183012416
1016.409424
26.479166
24963
339166590
-1183337104
 340617083
-1183012416
1016.409424
26.479166
24963
339166590
-1183337104
 340617260
-1183012662
1016.409424
26.479166
24963
339166590
-1183337104
 340617260
-1183012881
1016.409424
26.479166
24963
339166590
-1183337104
 340617377
-1183012881
1016.409424
26.479166
24963
339166590
-1183337104
 340617632
-1183012944
1016.409424
26.479166
24963
339166590
-1183337104
 340617632
-1183013026
1016.409424
26.479166
24963
339166590
-1183337104
 340617757
-1183013026
1016.409424
26.479166
24963
339166590
-1183337104
 340617855
-1183012878
1016.409424
26.479166
24963
339166590
-1183337104
 340617855
-1183012677
1016.409424
26.479166
24963
339166590
-1183337104
 340617878
-1183012677
1016.409424
26.479166
24963
339166590
-1183337104
 340617987
-1183012667
1016.409424
26.479166
24963
339166590
-1183337104
 340617987
-1183012524
1016.409424
26.479166
24963
339166590
-1183337104
 340617989
-1183012524
1016.409424
26.479166
24963
339166590
-1183337104
 340618087
-1183012531
1016.409424
26.479166
24963
339166590
-1183337104
 340618087
-1183012446
1016.409424
26.479166
24963
339166590
-1183337104
 340618109
-1183012446
1016.409424
26.479166
24963
339166590
-1183337104
 340618189
-1183012732
1016.409424
26.479166
24963
339166590
-1183337104
 340618168
-1183012573
1016.409424
26.479166
24963
339166590
-1183337104
 340618168
-1183012418
1016.409424
26.479166
24963
339166590
-1183337104
 340618182
-1183012418
1016.409424
26.479166
24963
339166590
-1183337104
 340617983
-1183011896
1016.409424
26.479166
24963
339166590
-1183337104
 340617983
-1183011771
1016.409424
26.479166
24963
339166590
-1183337104
 340617981
-1183011771
1016.409424
26.479166
24963
339166590
-1183337104
 340617942
-1183011750
1016.409424
26.479166
24963
339166590
-1183337104
 340617851
-1183011523
1016.409424
26.479166
24963
339166590
-1183337104
 340617851
-1183011439
1016.409424
26.479166
24963
339166590
-1183337104
 340617803
-1183011439
1016.409424
26.479166
24963
339166590
-1183337104
 340617894
-1183011457
1016.409424
26.479166
24963
339166590
-1183337104
 340617894
-1183011431
1016.409424
26.479166
24963
339166590
-1183337104
 340617869
-1183011431
1016.409424
26.479166
24963
339166590
-1183337104
 340617746
-1183011338
1016.409424
26.479166
24963
339166590
-1183337104
 340617746
-1183011342
1016.409424
26.479166
24963
339166590
-1183337104
 340617777
-1183011342
1016.409424
26.479166
24963
339166590
-1183337104
 340617752
-1183011247
1016.409424
26.479166
24963
339166590
-1183337104
 340617820
-1183011220
1016.409424
26.479166
24963
339166590
-1183337104
 340617820
-1183011165
1016.409424
26.479166
24963
339166590
-1183337104
 340617811
-1183011165
1016.409424
26.479166
24963
339166590
-1183337104
 340617845
-1183011056
1016.409424
26.479166
24963
339166590
-1183337104
 340617802
-1183011053
1016.409424
26.479166
24963
339166590
-1183337104
 340617802
-1183011061
1016.409424
26.479166
24963
339166590
-1183337104
 340617804
-1183011061
1016.409424
26.479166
24963
339166590
-1183337104
 340617995
-1183010984
1016.409424
26.479166
24963
339166590
-1183337104
 340617995
-1183011147
1016.409424
26.479166
24963
339166590
-1183337104
 340618111
-1183011147
1016.409424
26.479166
24963
339166590
-1183337104
 340618308
-1183011474
1016.409424
26.479166
24963
339166590
-1183337104
 340618308
-1183011653
1016.409424
26.479166
24963
339166590
-1183337104
 340618394
-1183011653
1016.409424
26.479166
24963
339166590
-1183337104
 340618359
-1183011710
1016.409424
26.479166
24963
339166590
-1183337104
 340618432
-1183011870
1016.409424
26.479166
24963
339166590
-1183337104
 340618432
-1183011985
1016.409424
26.479166
24963
339166590
-1183337104
 340618481
-1183011985
1016.409424
26.479166
24963
339166590
-1183337104
 340618524
-1183012272
1016.409424
26.479166
24963
339166590
-1183337104
 340618540
-1183012185
1016.409424
26.479166
24963
339166590
-1183337104
 340618540
-1183012292
1016.409424
26.479166
24963
339166590
-1183337104
 340618615
-1183012292
1016.409424
26.479166
24963
339166590
-1183337104
 340618714
-1183012592
1016.409424
26.479166
24963
339166590
-1183337104
 340618714
-1183012599
1016.409424
26.479166
24963
339166590
-1183337104
 340618713
-1183012599
1016.409424
26.479166
24963
339166590
-1183337104
 340618705
-1183012759
1016.409424
26.479166
24963
339166590
-1183337104
 340618705
-1183012718
1016.409424
26.479166
24963
339166590
-1183337104
 340618700
-1183012718
1016.409424
26.479166
24963
339166590
-1183337104
 340618804
-1183012942
1016.409424
26.479166
24963
339166590
-1183337104
 340618804
-1183012982
1016.409424
26.479166
24963
339166590
-1183337104
 340618799
-1183012982
1016.409424
26.479166
24963
339166590
-1183337104
 340618815
-1183012961
1016.409424
26.479166
24963
339166590
-1183337104
 340618881
-1183012963
1016.409424
26.479166
24963
339166590
-1183337104
 340618881
-1183013025
1016.409424
26.479166
24963
339166590
-1183337104
 340618930
-1183013025
1016.409424
26.479166
24963
339166590
-1183337104
 340619071
-1183013195
1016.409424
26.479166
24963
339166590
-1183337104
 340619071
-1183013237
1016.409424
26.479166
24963
339166590
-1183337104
 340618939
-1183013237
1016.409424
26.479166
24963
339166590
-1183337104
 340618911
-1183013305
1016.409424
26.479166
24963
339166590
-1183337104
 340618934
-1183013311
1016.409424
26.479166
24963
339166590
-1183337104
 340618934
-1183013309
1016.409424
26.479166
24963
339166590
-1183337104
 340618953
-1183013309
1016.409424
26.479166
24963
339166590
-1183337104
 340618938
-1183013306
1016.409424
26.479166
24963
339166590
-1183337104
 340618938
-1183013249
1016.409424
26.479166
24963
339166590
-1183337104
 340618906
-1183013249
1016.409424
26.479166
24963
339166590
-1183337104
 340618926
-1183013082
1016.409424
26.479166
24963
339166590
-1183337104
 340618926
-1183013049
1016.409424
26.479166
24963
339166590
-1183337104
 340618946
-1183013049
1016.409424
26.479166
24963
339166590
-1183337104
 340618915
-1183012795
1016.409424
26.479166
24963
339166590
-1183337104
 340618920
-1183012762
1016.409424
26.479166
24963
339166590
-1183337104
 340618920
-1183012704
1016.409424
26.479166
24963
339166590
-1183337104
 340618934
-1183012704
1016.409424
26.479166
24963
339166590
-1183337104
 340618979
-1183012646
1016.409424
26.479166
24963
339166590
-1183337104
 340618979
-1183012510
1016.409424
26.479166
24963
339166590
-1183337104
 340619000
-1183012510
1016.409424
26.479166
24963
339166590
-1183337104
 340618967
-1183012526
1016.409424
26.479166
24963
339166590
-1183337104
 340618953
-1183012457
1016.409424
26.479166
24963
339166590
-1183337104
 340618953
-1183012403
1016.409424
26.479166
24963
339166590
-1183337104
 340618929
-1183012403
1016.409424
26.479166
24963
339166590
-1183337104
 340618945
-1183012084
1016.409424
26.479166
24963
339166590
-1183337104
 340618945
-1183012337
1016.409424
26.479166
24963
339166590
-1183337104
 340618933
-1183012337
1016.409424
26.479166
24963
339166590
-1183337104
 340618939
-1183012310
1016.409424
26.479166
24963
339166590
-1183337104
 340618939
-1183012274
1016.409424
26.479166
24963
339166590
-1183337104
 340618840
-1183012274
1016.409424
26.479166
24963
339166590
-1183337104
 340618925
-1183012286
1016.409424
26.479166
24963
339166590
-1183337104
 340618925
-1183012396
1016.409424
26.479166
24963
339166590
-1183337104
 340618940
-1183012396
1016.409424
26.479166
24963
339166590
-1183337104
 340618747
-1183012331
1016.409424
26.479166
24963
339166590
-1183337104
 340618747
-1183012427
1016.409424
26.479166
24963
339166590
-1183337104
 340618601
-1183012427
1016.409424
26.479166
24963
339166590
-1183337104
 340618497
-1183012469
1016.409424
26.479166
24963
339166590
-1183337104
 340618497
-1183012595
1016.409424
26.479166
24963
339166590
-1183337104
 340618470
-1183012595
1016.409424
26.479166
24963
339166590
-1183337104
 340618409
-1183012510
1016.409424
26.479166
24963
339166590
-1183337104
 340618419
-1183012603
1016.409424
26.479166
24963
339166590
-1183337104
 340618419
-1183012564
1016.409424
26.479166
24963
339166590
-1183337104
 340618411
-1183012564
1016.409424
26.479166
24963
339166590
-1183337104
 340618419
-1183012583
1016.409424
26.479166
24963
339166590
-1183337104
 340618412
-1183012570
1016.409424
26.479166
24963
339166590
-1183337104
 340618412
-1183012608
1016.409424
26.479166
24963
339166590
-1183337104
 340618407
-1183012608
1016.409424
26.479166
24963
339166590
-1183337104
 340618386
-1183012757
1016.409424
26.479166
24963
339166590
-1183337104
 340618386
-1183012842
1016.409424
26.479166
24963
339166590
-1183337104
 340618365
-1183012842
1016.409424
26.479166
24963
339166590
-1183337104
 340618486
-1183013171
1016.409424
26.479166
24963
339166590
-1183337104
 340618486
-1183013238
1016.409424
26.479166
24963
339166590
-1183337104
 340618539
-1183013238
1016.409424
26.479166
24963
339166590
-1183337104
 340618333
-1183013279
1016.409424
26.479166
24963
339166590
-1183337104
 340618333
-1183013386
1016.409424
26.479166
24963
339166590
-1183337104
 340618191
-1183013386
1016.409424
26.479166
24963
339166590
-1183337104
 340618231
-1183013664
1016.409424
26.479166
24963
339166590
-1183337104
 340618231
-1183013798
1016.409424
26.479166
24963
339166590
-1183337104
 340618187
-1183013798
1016.409424
26.479166
24963
339166590
-1183337104
 340617985
-1183013746
1016.409424
26.479166
24963
339166590
-1183337104
 340617959
-1183013755
1016.409424
26.479166
24963
339166590
-1183337104
 340617959
-1183013730
1016.409424
26.479166
24963
339166590
-1183337104
 340617973
-1183013730
1016.409424
26.479166
24963
339166590
-1183337104
 340617972
-1183013821
1016.409424
26.479166
24963
339166590
-1183337104
 340617972
-1183013884
1016.409424
26.479166
24963
339166590
-1183337104
 340617942
-1183013884
1016.409424
26.479166
24963
339166590
-1183337104
 340618021
-1183013937
1016.409424
26.479166
24963
339166590
-1183337104
 340617985
-1183013953
1016.409424
26.479166
24963
339166590
-1183337104
 340617985
-1183014020
1016.409424
26.479166
24963
339166590
-1183337104
 340617973
-1183014020
1016.409424
26.479166
24963
339166590
-1183337104
 340617986
-1183014073
1016.409424
26.479166
24963
339166590
-1183337104
 340617922
-1183014092
1016.409424
26.479166
24963
339166590
-1183337104
 