1016.409424
26.479166
24963
339166590
-1183337104
 340617338-11830120881016.409424
26.479166
24963
339166590
-1183337104
 340617339-11830120881016.409424
26.479166
24963
339166590
-1183337104
 -11830120783406173521016.409424
26.479166
24963
339166590
-1183337104
 340617370-11830120551016.409424
26.479166
24963
339166590
-1183337104
 340617370-11830120231016.409424
26.479166
24963
339166590
-1183337104
 340617384-11830120231016.409424
26.479166
24963
339166590
-1183337104
 340617423-11830119751016.409424
26.479166
24963
339166590
-1183337104
 340617423-11830119491016.409424
26.479166
24963
339166590
-1183337104
 340617449-11830119491016.409424
26.479166
24963
339166590
-1183337104
 340617465-11830119061016.409424
26.479166
24963
339166590
-1183337104
 340617465-11830119041016.409424
26.479166
24963
339166590
-1183337104
 340617470-11830119041016.409424
26.479166
24963
339166590
-1183337104
 340617511-11830118661016.409424
26.479166
24963
339166590
-1183337104
 340617511-11830118391016.409424
26.479166
24963
339166590
-1183337104
 340617535-11830118391016.409424
26.479166
24963
339166590
-1183337104
 340617572-11830118211016.409424
26.479166
24963
339166590
-1183337104
 340617572-11830117741016.409424
26.479166
24963
339166590
-1183337104
 340617579-11830117741016.409424
26.479166
24963
339166590
-1183337104
 340617587-11830117503406175661016.409424
26.479166
24963
339166590
-1183337104
 -11830117891016.409424
26.479166
24963
339166590
-1183337104
 340617566-11830117991016.409424
26.479166
24963
339166590
-1183337104
 340617554-11830117991016.409424
26.479166
24963
339166590
-1183337104
 -11830118103406175251016.409424
26.479166
24963
339166590
-1183337104
 340617521-11830117991016.409424
26.479166
24963
339166590
-1183337104
 340617521-11830117931016.409424
26.479166
24963
339166590
-1183337104
 340617520-11830117933406175031016.409424
26.479166
24963
339166590
-1183337104
 -11830118131016.409424
26.479166
24963
339166590
-1183337104
 340617482-11830118321016.409424
26.479166
24963
339166590
-1183337104
 340617482-11830118611016.409424
26.479166
24963
339166590
-1183337104
 340617461-11830118611016.409424
26.479166
24963
339166590
-1183337104
 340617470-11830118673406174581016.409424
26.479166
24963
339166590
-1183337104
 -1183011882