1016.409424
26.479166
24963
339166590
-1183337104
 340616932-11830117791016.409424
26.479166
24963
339166590
-1183337104
 340616931-11830117791016.409424
26.479166
24963
339166590
-1183337104
 340616928-11830118081016.409424
26.479166
24963
339166590
-1183337104
 340616928-11830118511016.409424
26.479166
24963
339166590
-1183337104
 340616914-11830118511016.409424
26.479166
24963
339166590
-1183337104
 340616899-11830119091016.409424
26.479166
24963
339166590
-1183337104
 340616888-11830119471016.409424
26.479166
24963
339166590
-1183337104
 340616888-11830119901016.409424
26.479166
24963
339166590
-1183337104
 340616876-11830119901016.409424
26.479166
24963
339166590
-1183337104
 340616870-11830120891016.409424
26.479166
24963
339166590
-1183337104
 340616870-11830121001016.409424
26.479166
24963
339166590
-1183337104
 340616865-11830121003406168611016.409424
26.479166
24963
339166590
-1183337104
 -11830121401016.409424
26.479166
24963
339166590
-1183337104
 340616865-11830121491016.409424
26.479166
24963
339166590
-1183337104
 340616865-11830121491016.409424
26.479166
24963
339166590
-1183337104
 340616869-11830121491016.409424
26.479166
24963
339166590
-1183337104
 340616869-11830121941016.409424
26.479166
24963
339166590
-1183337104
 340616869-11830122041016.409424
26.479166
24963
339166590
-1183337104
 340616871-11830122041016.409424
26.479166
24963
339166590
-1183337104
 340616883-11830121681016.409424
26.479166
24963
339166590
-1183337104
 340616883-11830121611016.409424
26.479166
24963
339166590
-1183337104
 340616884-11830121611016.409424
26.479166
24963
339166590
-1183337104
 340616877-11830122161016.409424
26.479166
24963
339166590
-1183337104
 340616877-11830122011016.409424
26.479166
24963
339166590
-1183337104
 340616876-11830122011016.409424
26.479166
24963
339166590
-1183337104
 340616870-11830121871016.409424
26.479166
24963
339166590
-1183337104
 340616870-11830121861016.409424
26.479166
24963
339166590
-1183337104
 340616876-11830121861016.409424
26.479166
24963
339166590
-1183337104
 340616882-11830122051016.409424
26.479166
24963
339166590
-1183337104
 340616882-11830122171016.409424
26.479166
24963
339166590
-1183337104
 340616881-11830122171016.409424
26.479166
24963
339166590
-1183337104
 340616875-11830122571016.409424
26.479166
24963
339166590
-1183337104
 340616875-11830122601016.409424
26.479166
24963
339166590
-1183337104
 340616880-11830122601016.409424
26.479166
24963
339166590
-1183337104
 340616886-11830122851016.409424
26.479166
24963
339166590
-1183337104
 340616885-11830123191016.409424
26.479166
24963
339166590
-1183337104
 340616885-11830124281016.409424
26.479166
24963
339166590
-1183337104
 340616879-11830124281016.409424
26.479166
24963
339166590
-1183337104
 340616891-11830125071016.409424
26.479166
24963
339166590
-1183337104
 340616891-11830125551016.409424
26.479166
24963
339166590
-1183337104
 340616890-11830125551016.409424
26.479166
24963
339166590
-1183337104
 340616891-11830125831016.409424
26.479166
24963
339166590
-1183337104
 340616895-11830126041016.409424
26.479166
24963
339166590
-1183337104
 340616895-11830125511016.409424
26.479166
24963
339166590
-1183337104
 340616913-11830125511016.409424
26.479166
24963
339166590
-1183337104
 340616923-11830126001016.409424
26.479166
24963
339166590
-1183337104
 340616920-11830126801016.409424
26.479166
24963
339166590
-1183337104
 340616920-11830126771016.409424
26.479166
24963
339166590
-1183337104
 340616928-11830126771016.409424
26.479166
24963
339166590
-1183337104
 340616925-11830126741016.409424
26.479166
24963
339166590
-1183337104
 340616927-11830126721016.409424
26.479166
24963
339166590
-1183337104
 -11830126753406169271016.409424
26.479166
24963
339166590
-1183337104
 340616937-11830126751016.409424
26.479166
24963
339166590
-1183337104
 -11830126593406169491016.409424
26.479166
24963
339166590
-1183337104
 340616961-1183012627