340617175-11830128911016.409424
26.479166
24963
339166590
-1183337104
 340617169-11830128921016.409424
26.479166
24963
339166590
-1183337104
 340617168-11830128991016.409424
26.479166
24963
339166590
-1183337104
 340617168-11830129051016.409424
26.479166
24963
339166590
-1183337104
 340617177-11830129051016.409424
26.479166
24963
339166590
-1183337104
 340617176-11830129081016.409424
26.479166
24963
339166590
-1183337104
 340617176-11830129131016.409424
26.479166
24963
339166590
-1183337104
 340617172-11830129131016.409424
26.479166
24963
339166590
-1183337104
 340617165-11830129221016.409424
26.479166
24963
339166590
-1183337104
 340617165-11830129281016.409424
26.479166
24963
339166590
-1183337104
 340617161-11830129281016.409424
26.479166
24963
339166590
-1183337104
 340617162-11830129451016.409424
26.479166
24963
339166590
-1183337104
 3406171621016.409424
26.479166
24963
339166590
-1183337104
 -1183012962340617162-11830129811016.409424
26.479166
24963
339166590
-1183337104
 340617158-11830129811016.409424
26.479166
24963
339166590
-1183337104
 340617140-11830129871016.409424
26.479166
24963
339166590
-1183337104
 340617122-11830129861016.409424
26.479166
24963
339166590
-1183337104
 340617122-11830129831016.409424
26.479166
24963
339166590
-1183337104
 340617102-11830129831016.409424
26.479166
24963
339166590
-1183337104
 340617077-11830129941016.409424
26.479166
24963
339166590
-1183337104
 340617077-11830130051016.409424
26.479166
24963
339166590
-1183337104
 340617073-11830130051016.409424
26.479166
24963
339166590
-1183337104
 340617064-11830130191016.409424
26.479166
24963
339166590
-1183337104
 340617059-11830130241016.409424
26.479166
24963
339166590
-1183337104
 340617059-11830130351016.409424
26.479166
24963
339166590
-1183337104
 340617060-11830130351016.409424
26.479166
24963
339166590
-1183337104
 -11830130823406170821016.409424
26.479166
24963
339166590
-1183337104
 340617082-11830131341016.409424
26.479166
24963
339166590
-1183337104
 340617083-11830131341016.409424
26.479166
24963
339166590
-1183337104
 340617080-11830131551016.409424
26.479166
24963
339166590
-1183337104
 340617080-11830131601016.409424
26.479166
24963
339166590
-1183337104
 340617084-11830131601016.409424
26.479166
24963
339166590
-1183337104
 340617107-11830131511016.409424
26.479166
24963
339166590
-1183337104
 340617107-11830131391016.409424
26.479166
24963
339166590
-1183337104
 340617116-11830131391016.409424
26.479166
24963
339166590
-1183337104
 340617129-11830131211016.409424
26.479166
24963
339166590
-1183337104
 340617136-11830130961016.409424
26.479166
24963
339166590
-1183337104
 340617136-11830130871016.409424
26.479166
24963
339166590
-1183337104
 340617141-11830130871016.409424
26.479166
24963
339166590
-1183337104
 340617126-11830130771016.409424
26.479166
24963
339166590
-1183337104
 340617126-11830130911016.409424
26.479166
24963
339166590
-1183337104
 340617131-11830130911016.409424
26.479166
24963
339166590
-1183337104
 340617149-11830131571016.409424
26.479166
24963
339166590
-1183337104
 340617149-11830131741016.409424
26.479166
24963
339166590
-1183337104
 340617148-11830131741016.409424
26.479166
24963
339166590
-1183337104
 340617157-11830131951016.409424
26.479166
24963
339166590
-1183337104
 340617142-11830131971016.409424
26.479166
24963
339166590
-1183337104
 340617142-11830132441016.409424
26.479166
24963
339166590
-1183337104
 340617149-11830132441016.409424
26.479166
24963
339166590
-1183337104
 340617143-11830132531016.409424
26.479166
24963
339166590
-1183337104
 340617164-11830133111016.409424
26.479166
24963
339166590
-1183337104
 340617164-11830133291016.409424
26.479166
24963
339166590
-1183337104
 340617166-11830133291016.409424
26.479166
24963
339166590
-1183337104
 340617174-11830133511016.409424
26.479166
24963
339166590
-1183337104
 340617174-11830133691016.409424
26.479166
24963
339166590
-1183337104
 340617191-11830133691016.409424
26.479166
24963
339166590
-1183337104
 340617231-11830134181016.409424
26.479166
24963
339166590
-1183337104
 340617231-11830134241016.409424
26.479166
24963
339166590
-1183337104
 340617239-11830134241016.409424
26.479166
24963
339166590
-1183337104
 340617241-11830134051016.409424
26.479166
24963
339166590
-1183337104
 340617241-11830134101016.409424
26.479166
24963
339166590
-1183337104
 340617254-11830134101016.409424
26.479166
24963
339166590
-1183337104
 340617281-11830134271016.409424
26.479166
24963
339166590
-1183337104
 340617281-11830134201016.409424
26.479166
24963
339166590
-1183337104
 340617278-11830134201016.409424
26.479166
24963
339166590
-1183337104
 340617307-11830134331016.409424
26.479166
24963
339166590
-1183337104
 340617307-11830134091016.409424
26.479166
24963
339166590
-1183337104
 340617296-11830134091016.409424
26.479166
24963
339166590
-1183337104
 340617279-11830133451016.409424
26.479166
24963
339166590
-1183337104
 340617279-11830133241016.409424
26.479166
24963
339166590
-1183337104
 3406172801016.409424
26.479166
24963
339166590
-1183337104
 -1183013324340617276-11830133011016.409424
26.479166
24963
339166590
-1183337104
 340617281-11830132791016.409424
26.479166
24963
339166590
-1183337104
 340617281-11830132571016.409424
26.479166
24963
339166590
-1183337104
 340617283-11830132571016.409424
26.479166
24963
339166590
-1183337104
 3406172791016.409424
26.479166
24963
339166590
-1183337104
 -1183013217-11830132023406172791016.409424
26.479166
24963
339166590
-1183337104
 340617276-11830132021016.409424
26.479166
24963
339166590
-1183337104
 340617284-11830131971016.409424
26.479166
24963
339166590
-1183337104
 340617280-11830131911016.409424
26.479166
24963
339166590
-1183337104
 340617280-11830131801016.409424
26.479166
24963
339166590
-1183337104
 340617279-11830131801016.409424
26.479166
24963
339166590
-1183337104
 340617278-11830131701016.409424
26.479166
24963
339166590
-1183337104
 340617261-11830131531016.409424
26.479166
24963
339166590
-1183337104
 340617261-11830131331016.409424
26.479166
24963
339166590
-1183337104
 340617240-11830131331016.409424
26.479166
24963
339166590
-1183337104
 340617198-11830130771016.409424
26.479166
24963
339166590
-1183337104
 340617198-11830130521016.409424
26.479166
24963
339166590
-1183337104
 340617180-11830130521016.409424
26.479166
24963
339166590
-1183337104
 340617140-11830130001016.409424
26.479166
24963
339166590
-1183337104
 340617140-11830129641016.409424
26.479166
24963
339166590
-1183337104
 340617115-11830129641016.409424
26.479166
24963
339166590
-1183337104
 340617051-11830128911016.409424
26.479166
24963
339166590
-1183337104
 