339166616
-1183336737
1016.409424
26.479166
24963
339166590
-1183337104
 339166607
-1183336727
1016.409424
26.479166
24963
339166590
-1183337104
 339166607
-1183336718
1016.409424
26.479166
24963
339166590
-1183337104
 339166603
-1183336718
1016.409424
26.479166
24963
339166590
-1183337104
 339166602
-1183336713
1016.409424
26.479166
24963
339166590
-1183337104
 339166600
-1183336707
1016.409424
26.479166
24963
339166590
-1183337104
 339166600
-1183336703
1016.409424
26.479166
24963
339166590
-1183337104
 339166599
-1183336703
1016.409424
26.479166
24963
339166590
-1183337104
 339166595
-1183336702
1016.409424
26.479166
24963
339166590
-1183337104
 339166587
-1183336692
1016.409424
26.479166
24963
339166590
-1183337104
 339166587
-1183336689
1016.409424
26.479166
24963
339166590
-1183337104
 339166583
-1183336689
1016.409424
26.479166
24963
339166590
-1183337104
 339166580
-1183336686
1016.409424
26.479166
24963
339166590
-1183337104
 339166582
-1183336679
1016.409424
26.479166
24963
339166590
-1183337104
 339166582
-1183336679
1016.409424
26.479166
24963
339166590
-1183337104
 339166583
-1183336679
1016.409424
26.479166
24963
339166590
-1183337104
 339166582
-1183336681
1016.409424
26.479166
24963
339166590
-1183337104
 339166582
-1183336670
1016.409424
26.479166
24963
339166590
-1183337104
 339166582
-1183336670
1016.409424
26.479166
24963
339166590
-1183337104
 339166578
-1183336647
1016.409424
26.479166
24963
339166590
-1183337104
 339166578
-1183336640
1016.409424
26.479166
24963
339166590
-1183337104
 339166570
-1183336640
1016.409424
26.479166
24963
339166590
-1183337104
 339166558
-1183336646
1016.409424
26.479166
24963
339166590
-1183337104
 339166558
-1183336649
1016.409424
26.479166
24963
339166590
-1183337104
 339166551
-1183336649
1016.409424
26.479166
24963
339166590
-1183337104
 339166544
-1183336655
1016.409424
26.479166
24963
339166590
-1183337104
 339166544
-1183336658
1016.409424
26.479166
24963
339166590
-1183337104
 339166542
-1183336658
1016.409424
26.479166
24963
339166590
-1183337104
 339166538
-1183336662
1016.409424
26.479166
24963
339166590
-1183337104
 339166533
-1183336669
1016.409424
26.479166
24963
339166590
-1183337104
 339166533
-1183336672
1016.409424
26.479166
24963
339166590
-1183337104
 339166517
-1183336672
1016.409424
26.479166
24963
339166590
-1183337104
 339166495
-1183336687
1016.409424
26.479166
24963
339166590
-1183337104
 339166495
-1183336688
1016.409424
26.479166
24963
339166590
-1183337104
 339166490
-1183336688
1016.409424
26.479166
24963
339166590
-1183337104
 339166484
-1183336688
1016.409424
26.479166
24963
339166590
-1183337104
 339166484
-1183336694
1016.409424
26.479166
24963
339166590
-1183337104
 339166478
-1183336694
1016.409424
26.479166
24963
339166590
-1183337104
 339166475
-1183336693
1016.409424
26.479166
24963
339166590
-1183337104
 339166475
-1183336695
1016.409424
26.479166
24963
339166590
-1183337104
 339166475
-1183336695
1016.409424
26.479166
24963
339166590
-1183337104
 339166476
-1183336704
1016.409424
26.479166
24963
339166590
-1183337104
 339166476
-1183336710
1016.409424
26.479166
24963
339166590
-1183337104
 339166478
-1183336710
1016.409424
26.479166
24963
339166590
-1183337104
 339166477
-1183336714
1016.409424
26.479166
24963
339166590
-1183337104
 339166476
-1183336728
1016.409424
26.479166
24963
339166590
-1183337104
 339166476
-1183336736
1016.409424
26.479166
24963
339166590
-1183337104
 339166478
-1183336736
1016.409424
26.479166
24963
339166590
-1183337104
 339166485
-1183336764
1016.409424
26.479166
24963
339166590
-1183337104
 339166485
-1183336779
1016.409424
26.479166
24963
339166590
-1183337104
 339166490
-1183336779
1016.409424
26.479166
24963
339166590
-1183337104
 339166493
-1183336785
1016.409424
26.479166
24963
339166590
-1183337104
 339166493
-1183336793
1016.409424
26.479166
24963
339166590
-1183337104
 339166493
-1183336795
1016.409424
26.479166
24963
339166590
-1183337104
 339166494
-1183336795
1016.409424
26.479166
24963
339166590
-1183337104
 339166503
-1183336816
1016.409424
26.479166
24963
339166590
-1183337104
 339166503
-1183336827
1016.409424
26.479166
24963
339166590
-1183337104
 339166510
-1183336827
1016.409424
26.479166
24963
339166590
-1183337104
 339166508
-1183336842
1016.409424
26.479166
24963
339166590
-1183337104
 339166508
-1183336853
1016.409424
26.479166
24963
339166590
-1183337104
 339166507
-1183336853
1016.409424
26.479166
24963
339166590
-1183337104
 339166506
-1183336858
1016.409424
26.479166
24963
339166590
-1183337104
 339166506
-1183336858
1016.409424
26.479166
24963
339166590
-1183337104
 339166507
-1183336858
1016.409424
26.479166
24963
339166590
-1183337104
 339166501
-1183336864
1016.409424
26.479166
24963
339166590
-1183337104
 339166501
-1183336872
1016.409424
26.479166
24963
339166590
-1183337104
 339166501
-1183336880
1016.409424
26.479166
24963
339166590
-1183337104
 339166499
-1183336880
1016.409424
26.479166
24963
339166590
-1183337104
 339166502
-1183336890
1016.409424
26.479166
24963
339166590
-1183337104
 339166505
-1183336894
1016.409424
26.479166
24963
339166590
-1183337104
 339166505
-1183336897
1016.409424
26.479166
24963
339166590
-1183337104
 339166504
-1183336897
1016.409424
26.479166
24963
339166590
-1183337104
 339166507
-1183336904
1016.409424
26.479166
24963
339166590
-1183337104
 339166507
-1183336908
1016.409424
26.479166
24963
339166590
-1183337104
 339166504
-1183336908
1016.409424
26.479166
24963
339166590
-1183337104
 339166487
-1183336907
1016.409424
26.479166
24963
339166590
-1183337104
 339166486
-1183336908
1016.409424
26.479166
24963
339166590
-1183337104
 339166486
-1183336901
1016.409424
26.479166
24963
339166590
-1183337104
 339166485
-1183336901
1016.409424
26.479166
24963
339166590
-1183337104
 339166490
-1183336892
1016.409424
26.479166
24963
339166590
-1183337104
 339166490
-1183336888
1016.409424
26.479166
24963
339166590
-1183337104
 339166498
-1183336888
1016.409424
26.479166
24963
339166590
-1183337104
 339166505
-1183336875
1016.409424
26.479166
24963
339166590
-1183337104
 339166505
-1183336872
1016.409424
26.479166
24963
339166590
-1183337104
 339166510
-1183336872
1016.409424
26.479166
24963
339166590
-1183337104
 339166514
-1183336866
1016.409424
26.479166
24963
339166590
-1183337104
 339166515
-1183336860
1016.409424
26.479166
24963
339166590
-1183337104
 339166515
-1183336859
1016.409424
26.479166
24963
339166590
-1183337104
 339166522
-1183336859
1016.409424
26.479166
24963
339166590
-1183337104
 339166528
-1183336851
1016.409424
26.479166
24963
339166590
-1183337104
 339166533
-1183336838
1016.409424
26.479166
24963
339166590
-1183337104
 339166533
-1183336824
1016.409424
26.479166
24963
339166590
-1183337104
 339166534
-1183336824
1016.409424
26.479166
24963
339166590
-1183337104
 339166541
-1183336813
1016.409424
26.479166
24963
339166590
-1183337104
 339166548
-1183336806
1016.409424
26.479166
24963
339166590
-1183337104
 339166548
-1183336793
1016.409424
26.479166
24963
339166590
-1183337104
 339166549
-1183336793
1016.409424
26.479166
24963
339166590
-1183337104
 339166558
-1183336770
1016.409424
26.479166
24963
339166590
-1183337104
 339166558
-1183336763
1016.409424
26.479166
24963
339166590
-1183337104
 339166559
-1183336763
1016.409424
26.479166
24963
339166590
-1183337104
 339166564
-1183336744
1016.409424
26.479166
24963
339166590
-1183337104
 339166564
-1183336733
1016.409424
26.479166
24963
339166590
-1183337104
 339166564
-1183336733
1016.409424
26.479166
24963
339166590
-1183337104
 339166560
-1183336710
1016.409424
26.479166
24963
339166590
-1183337104
 339166560
-1183336704
1016.409424
26.479166
24963
339166590
-1183337104
 339166558
-1183336704
1016.409424
26.479166
24963
339166590
-1183337104
 339166553
-1183336696
1016.409424
26.479166
24963
339166590
-1183337104
 339166557
-1183336695
1016.409424
26.479166
24963
339166590
-1183337104
 339166557
-1183336694
1016.409424
26.479166
24963
339166590
-1183337104
 339166558
-1183336694
1016.409424
26.479166
24963
339166590
-1183337104
 339166565
-1183336692
1016.409424
26.479166
24963
339166590
-1183337104
 339166577
-1183336695
1016.409424
26.479166
24963
339166590
-1183337104
 339166577
-1183336702
1016.409424
26.479166
24963
339166590
-1183337104
 339166588
-1183336702
1016.409424
26.479166
24963
339166590
-1183337104
 339166611
-1183336710
1016.409424
26.479166
24963
339166590
-1183337104
 339166611
-1183336713
1016.409424
26.479166
24963
339166590
-1183337104
 339166618
-1183336713
1016.409424
26.479166
24963
339166590
-1183337104
 339166629
-1183336734
1016.409424
26.479166
24963
339166590
-1183337104
 339166629
-1183336737
1016.409424
26.479166
24963
339166590
-1183337104
 339166634
-1183336737
1016.409424
26.479166
24963
339166590
-1183337104
 339166633
-1183336749
1016.409424
26.479166
24963
339166590
-1183337104
 339166633
-1183336758
1016.409424
26.479166
24963
339166590
-1183337104
 339166635
-1183336758
1016.409424
26.479166
24963
339166590
-1183337104
 339166637
-1183336782
1016.409424
26.479166
24963
339166590
-1183337104
 339166637
-1183336791
1016.409424
26.479166
24963
339166590
-1183337104
 339166642
-1183336791
1016.409424
26.479166
24963
339166590
-1183337104
 339166648
-1183336803
1016.409424
26.479166
24963
339166590
-1183337104
 339166655
-1183336814
1016.409424
26.479166
24963
339166590
-1183337104
 339166655
-1183336823
1016.409424
26.479166
24963
339166590
-1183337104
 339166663
-1183336823
1016.409424
26.479166
24963
339166590
-1183337104
 339166671
-1183336835
1016.409424
26.479166
24963
339166590
-1183337104
 339166671
-1183336839
1016.409424
26.479166
24963
339166590
-1183337104
 339166686
-1183336839
1016.409424
26.479166
24963
339166590
-1183337104
 339166704
-1183336851
1016.409424
26.479166
24963
339166590
-1183337104
 339166704
-1183336857
1016.409424
26.479166
24963
339166590
-1183337104
 339166707
-1183336857
1016.409424
26.479166
24963
339166590
-1183337104
 339166712
-1183336857
1016.409424
26.479166
24963
339166590
-1183337104
 339166718
-1183336862
1016.409424
26.479166
24963
339166590
-1183337104
 339166718
-1183336862
1016.409424
26.479166
24963
339166590
-1183337104
 339166725
-1183336862
1016.409424
26.479166
24963
339166590
-1183337104
 339166739
-1183336868
1016.409424
26.479166
24963
339166590
-1183337104
 339166739
-1183336865
1016.409424
26.479166
24963
339166590
-1183337104
 339166746
-1183336865
1016.409424
26.479166
24963
339166590
-1183337104
 339166757
-1183336864
1016.409424
26.479166
24963
339166590
-1183337104
 339166757
-1183336862
1016.409424
26.479166
24963
339166590
-1183337104
 339166760
-1183336862
1016.409424
26.479166
24963
339166590
-1183337104
 