339166571
-1183336513
1016.409424
26.479166
24963
339166590
-1183337104
 339166571
-1183336513
1016.409424
26.479166
24963
339166590
-1183337104
 339166582
-1183336513
1016.409424
26.479166
24963
339166590
-1183337104
 339166588
-1183336499
1016.409424
26.479166
24963
339166590
-1183337104
 339166588
-1183336493
1016.409424
26.479166
24963
339166590
-1183337104
 339166586
-1183336493
1016.409424
26.479166
24963
339166590
-1183337104
 339166594
-1183336480
1016.409424
26.479166
24963
339166590
-1183337104
 339166594
-1183336471
1016.409424
26.479166
24963
339166590
-1183337104
 339166592
-1183336471
1016.409424
26.479166
24963
339166590
-1183337104
 339166594
-1183336452
1016.409424
26.479166
24963
339166590
-1183337104
 339166594
-1183336433
1016.409424
26.479166
24963
339166590
-1183337104
 339166581
-1183336433
1016.409424
26.479166
24963
339166590
-1183337104
 339166581
-1183336422
1016.409424
26.479166
24963
339166590
-1183337104
 339166581
-1183336405
1016.409424
26.479166
24963
339166590
-1183337104
 339166566
-1183336405
1016.409424
26.479166
24963
339166590
-1183337104
 339166552
-1183336383
1016.409424
26.479166
24963
339166590
-1183337104
 339166552
-1183336358
1016.409424
26.479166
24963
339166590
-1183337104
 339166531
-1183336358
1016.409424
26.479166
24963
339166590
-1183337104
 339166517
-1183336341
1016.409424
26.479166
24963
339166590
-1183337104
 339166508
-1183336331
1016.409424
26.479166
24963
339166590
-1183337104
 339166508
-1183336321
1016.409424
26.479166
24963
339166590
-1183337104
 339166494
-1183336321
1016.409424
26.479166
24963
339166590
-1183337104
 339166468
-1183336306
1016.409424
26.479166
24963
339166590
-1183337104
 339166468
-1183336311
1016.409424
26.479166
24963
339166590
-1183337104
 339166465
-1183336311
1016.409424
26.479166
24963
339166590
-1183337104
 339166458
-1183336314
1016.409424
26.479166
24963
339166590
-1183337104
 339166446
-1183336317
1016.409424
26.479166
24963
339166590
-1183337104
 339166446
-1183336322
1016.409424
26.479166
24963
339166590
-1183337104
 339166444
-1183336322
1016.409424
26.479166
24963
339166590
-1183337104
 339166461
-1183336357
1016.409424
26.479166
24963
339166590
-1183337104
 339166461
-1183336372
1016.409424
26.479166
24963
339166590
-1183337104
 339166468
-1183336372
1016.409424
26.479166
24963
339166590
-1183337104
 339166475
-1183336387
1016.409424
26.479166
24963
339166590
-1183337104
 339166475
-1183336406
1016.409424
26.479166
24963
339166590
-1183337104
 339166494
-1183336406
1016.409424
26.479166
24963
339166590
-1183337104
 339166498
-1183336417
1016.409424
26.479166
24963
339166590
-1183337104
 339166501
-1183336432
1016.409424
26.479166
24963
339166590
-1183337104
 339166501
-1183336457
1016.409424
26.479166
24963
339166590
-1183337104
 339166512
-1183336457
1016.409424
26.479166
24963
339166590
-1183337104
 339166533
-1183336487
1016.409424
26.479166
24963
339166590
-1183337104
 339166533
-1183336498
1016.409424
26.479166
24963
339166590
-1183337104
 339166535
-1183336498
1016.409424
26.479166
24963
339166590
-1183337104
 