963
339166590
-1183337104
 339165977
-1183336623
1016.409424
26.479166
24963
339166590
-1183337104
 339165977
-1183336627
1016.409424
26.479166
24963
339166590
-1183337104
 339165980
-1183336627
1016.409424
26.479166
24963
339166590
-1183337104
 339165930
-1183336634
1016.409424
26.479166
24963
339166590
-1183337104
 339165930
-1183336635
1016.409424
26.479166
24963
339166590
-1183337104
 339165917
-1183336635
1016.409424
26.479166
24963
339166590
-1183337104
 339165951
-1183336664
1016.409424
26.479166
24963
339166590
-1183337104
 339165951
-1183336664
1016.409424
26.479166
24963
339166590
-1183337104
 339165934
-1183336664
1016.409424
26.479166
24963
339166590
-1183337104
 339165931
-1183336664
1016.409424
26.479166
24963
339166590
-1183337104
 339165931
-1183336662
1016.409424
26.479166
24963
339166590
-1183337104
 339165926
-1183336662
1016.409424
26.479166
24963
339166590
-1183337104
 339165916
-1183336672
1016.409424
26.479166
24963
339166590
-1183337104
 339165931
-1183336645
1016.409424
26.479166
24963
339166590
-1183337104
 339165931
-1183336645
1016.409424
26.479166
24963
339166590
-1183337104
 339165937
-1183336645
1016.409424
26.479166
24963
339166590
-1183337104
 339165959
-1183336658
1016.409424
26.479166
24963
339166590
-1183337104
 339165950
-1183336657
1016.409424
26.479166
24963
339166590
-1183337104
 339165950
-1183336664
1016.409424
26.479166
24963
339166590
-1183337104
 339165944
-1183336664
1016.409424
26.479166
24963
339166590
-1183337104
 339165937
-1183336660
1016.409424
26.479166
24963
339166590
-1183337104
 339165937
-1183336651
1016.409424
26.479166
24963
339166590
-1183337104
 339165915
-1183336651
1016.409424
26.479166
24963
339166590
-1183337104
 339165896
-1183336584
1016.409424
26.479166
24963
339166590
-1183337104
 339165896
-1183336565
1016.409424
26.479166
24963
339166590
-1183337104
 339165886
-1183336565
1016.409424
26.479166
24963
339166590
-1183337104
 339165917
-1183336537
1016.409424
26.479166
24963
339166590
-1183337104
 339165917
-1183336541
1016.409424
26.479166
24963
339166590
-1183337104
 339165921
-1183336541
1016.409424
26.479166
24963
339166590
-1183337104
 339165943
-1183336570
1016.409424
26.479166
24963
339166590
-1183337104
 339165943
-1183336598
1016.409424
26.479166
24963
339166590
-1183337104
 339165941
-1183336598
1016.409424
26.479166
24963
339166590
-1183337104
 339165945
-1183336631
1016.409424
26.479166
24963
339166590
-1183337104
 339165945
-1183336649
1016.409424
26.479166
24963
339166590
-1183337104
 339165946
-1183336649
1016.409424
26.479166
24963
339166590
-1183337104
 339165941
-1183336677
1016.409424
26.479166
24963
339166590
-1183337104
 339165941
-1183336697
1016.409424
26.479166
24963
339166590
-1183337104
 339165935
-1183336697
1016.409424
26.479166
24963
339166590
-1183337104
 339165941
-1183336711
1016.409424
26.479166
24963
339166590
-1183337104
 339165943
-1183336725
1016.409424
26.479166
24963
339166590
-1183337104
 339165943
-1183336750
1016.409424
26.479166
24963
339166590
-1183337104
 339165949
-1183336750
1016.409424
26.479166
24963
339166590
-1183337104
 339165949
-1183336749
1016.409424
26.479166
24963
339166590
-1183337104
 339165962
-1183336757
1016.409424
26.479166
24963
339166590
-1183337104
 339165962
-1183336773
1016.409424
26.479166
24963
339166590
-1183337104
 339165978
-1183336773
1016.409424
26.479166
24963
339166590
-1183337104
 339165993
-1183336786
1016.409424
26.479166
24963
339166590
-1183337104
 339166009
-1183336797
1016.409424
26.479166
24963
339166590
-1183337104
 339166009
-1183336801
1016.409424
26.479166
24963
339166590
-1183337104
 339166027
-1183336801
1016.409424
26.479166
24963
339166590
-1183337104
 339166053
-1183336810
1016.409424
26.479166
24963
339166590
-1183337104
 339166053
-1183336818
1016.409424
26.479166
24963
339166590
-1183337104
 339166052
-1183336818
1016.409424
26.479166
24963
339166590
-1183337104
 339166056
-1183336843
1016.409424
26.479166
24963
339166590
-1183337104
 339166056
-1183336851
1016.409424
26.479166
24963
339166590
-1183337104
 339166055
-1183336851
1016.409424
26.479166
24963
339166590
-1183337104
 339166063
-1183336869
1016.409424
26.479166
24963
339166590
-1183337104
 339166063
-1183336879
1016.409424
26.479166
24963
339166590
-1183337104
 339166062
-1183336879
1016.409424
26.479166
24963
339166590
-1183337104
 339166056
-1183336889
1016.409424
26.479166
24963
339166590
-1183337104
 339166056
-1183336890
1016.409424
26.479166
24963
339166590
-1183337104
 339166057
-1183336890
1016.409424
26.479166
24963
339166590
-1183337104
 339166065
-1183336883
1016.409424
26.479166
24963
339166590
-1183337104
 339166073
-1183336873
1016.409424
26.479166
24963
339166590
-1183337104
 339166073
-1183336864
1016.409424
26.479166
24963
339166590
-1183337104
 339166079
-1183336864
1016.409424
26.479166
24963
339166590
-1183337104
 339166084
-1183336826
1016.409424
26.479166
24963
339166590
-1183337104
 339166085
-1183336804
1016.409424
26.479166
24963
339166590
-1183337104
 339166085
-1183336789
1016.409424
26.479166
24963
339166590
-1183337104
 339166082
-1183336789
1016.409424
26.479166
24963
339166590
-1183337104
 339166085
-1183336782
1016.409424
26.479166
24963
339166590
-1183337104
 339166104
-1183336802
1016.409424
26.479166
24963
339166590
-1183337104
 339166104
-1183336795
1016.409424
26.479166
24963
339166590
-1183337104
 339166113
-1183336795
1016.409424
26.479166
24963
339166590
-1183337104
 339166137
-1183336761
1016.409424
26.479166
24963
339166590
-1183337104
 339166137
-1183336754
1016.409424
26.479166
24963
339166590
-1183337104
 339166138
-1183336754
1016.409424
26.479166
24963
339166590
-1183337104
 339166156
-1183336749
1016.409424
26.479166
24963
339166590
-1183337104
 339166173
-1183336747
1016.409424
26.479166
24963
339166590
-1183337104
 339166173
-1183336742
1016.409424
26.479166
24963
339166590
-1183337104
 339166197
-1183336742
1016.409424
26.479166
24963
339166590
-1183337104
 339166220
-1183336743
1016.409424
26.479166
24963
339166590
-1183337104
 339166220
-1183336744
1016.409424
26.479166
24963
339166590
-1183337104
 339166230
-1183336744
1016.409424
26.479166
24963
339166590
-1183337104
 339166238
-1183336753
1016.409424
26.479166
24963
339166590
-1183337104
 339166238
-1183336758
1016.409424
26.479166
24963
339166590
-1183337104
 339166250
-1183336758
1016.409424
26.479166
24963
339166590
-1183337104
 339166272
-1183336748
1016.409424
26.479166
24963
339166590
-1183337104
 339166272
-1183336735
1016.409424
26.479166
24963
339166590
-1183337104
 339166277
-1183336735
1016.409424
26.479166
24963
339166590
-1183337104
 339166274
-1183336709
1016.409424
26.479166
24963
339166590
-1183337104
 339166279
-1183336693
1016.409424
26.479166
24963
339166590
-1183337104
 339166279
-1183336681
1016.409424
26.479166
24963
339166590
-1183337104
 339166282
-1183336681
1016.409424
26.479166
24963
339166590
-1183337104
 339166285
-1183336650
1016.409424
26.479166
24963
339166590
-1183337104
 339166285
-1183336634
1016.409424
26.479166
24963
339166590
-1183337104
 339166287
-1183336634
1016.409424
26.479166
24963
339166590
-1183337104
 339166294
-1183336642
1016.409424
26.479166
24963
339166590
-1183337104
 339166294
-1183336638
1016.409424
26.479166
24963
339166590
-1183337104
 339166300
-1183336638
1016.409424
26.479166
24963
339166590
-1183337104
 339166314
-1183336607
1016.409424
26.479166
24963
339166590
-1183337104
 339166326
-1183336601
1016.409424
26.479166
24963
339166590
-1183337104
 339166326
-1183336583
1016.409424
26.479166
24963
339166590
-1183337104
 339166318
-1183336583
1016.409424
26.479166
24963
339166590
-1183337104
 339166317
-1183336535
1016.409424
26.479166
24963
339166590
-1183337104
 339166328
-1183336520
1016.409424
26.479166
24963
339166590
-1183337104
 339166328
-1183336508
1016.409424
26.479166
24963
339166590
-1183337104
 339166333
-1183336508
1016.409424
26.479166
24963
339166590
-1183337104
 339166332
-1183336495
1016.409424
26.479166
24963
339166590
-1183337104
 339166332
-1183336480
1016.409424
26.479166
24963
339166590
-1183337104
 339166321
-1183336480
1016.409424
26.479166
24963
339166590
-1183337104
 339166320
-1183336478
1016.409424
26.479166
24963
339166590
-1183337104
 339166314
-1183336468
1016.409424
26.479166
24963
339166590
-1183337104
 339166314
-1183336460
1016.409424
26.479166
24963
339166590
-1183337104
 339166308
-1183336460
1016.409424
26.479166
24963
339166590
-1183337104
 339166295
-1183336446
1016.409424
26.479166
24963
339166590
-1183337104
 339166295
-1183336437
1016.409424
26.479166
24963
339166590
-1183337104
 339166290
-1183336437
1016.409424
26.479166
24963
339166590
-1183337104
 339166298
-1183336416
1016.409424
26.479166
24963
339166590
-1183337104
 339166301
-1183336403
1016.409424
26.479166
24963
339166590
-1183337104
 339166301
-1183336404
1016.409424
26.479166
24963
339166590
-1183337104
 339166305
-1183336404
1016.409424
26.479166
24963
339166590
-1183337104
 339166328
-1183336415
1016.409424
26.479166
24963
339166590
-1183337104
 339166328
-1183336436
1016.409424
26.479166
24963
339166590
-1183337104
 339166340
-1183336436
1016.409424
26.479166
24963
339166590
-1183337104
 339166354
-1183336478
1016.409424
26.479166
24963
339166590
-1183337104
 339166354
-1183336507
1016.409424
26.479166
24963
339166590
-1183337104
 339166362
-1183336507
1016.409424
26.479166
24963
339166590
-1183337104
 339166379
-1183336548
1016.409424
26.479166
24963
339166590
-1183337104
 339166379
-1183336575
1016.409424
26.479166
24963
339166590
-1183337104
 339166387
-1183336575
1016.409424
26.479166
24963
339166590
-1183337104
 339166399
-1183336586
1016.409424
26.479166
24963
339166590
-1183337104
 339166407
-1183336597
1016.409424
26.479166
24963
339166590
-1183337104
 339166407
-1183336610
1016.409424
26.479166
24963
339166590
-1183337104
 339166415
-1183336610
1016.409424
26.479166
24963
339166590
-1183337104
 339166406
-1183336645
1016.409424
26.479166
24963
339166590
-1183337104
 339166406
-1183336662
1016.409424
26.479166
24963
339166590
-1183337104
 339166402
-1183336662
1016.409424
26.479166
24963
339166590
-1183337104
 339166403
-1183336696
1016.409424
26.479166
24963
339166590
-1183337104
 339166403
-1183336705
1016.409424
26.479166
24963
339166590
-1183337104
 339166403
-1183336705
1016.409424
26.479166
24963
339166590
-1183337104
 339166420
-1183336732
1016.409424
26.479166
24963
339166590
-1183337104
 339166420
-1183336747
1016.409424
26.479166
24963
339166590
-1183337104
 339166432
-1183336747
1016.409424
26.479166
24963
339166590
-1183337104
 339166449
-1183336767
1016.409424
26.479166
24963
339166590
-1183337104
 339166449
-1183336775
1016.409424
26.479166
24963
339166590
-1183337104
 339166465
-1183336775
1016.409424
26.479166
24963
339166590
-1183337104
 339166493
-1183336798
1016.409424
26.479166
24963
339166590
-1183337104
 339166493
-1183336781
1016.409424
26.479166
24963
339166590
-1183337104
 339166484
-1183336781
1016.409424
26.479166
24963
339166590
-1183337104
 339166460
-1183336762
1016.409424
26.479166
24963
339166590
-1183337104
 339166460
-1183336766
1016.409424
26.479166
24963
339166590
-1183337104
 339166454
-1183336766
1016.409424
26.479166
24963
339166590
-1183337104
 339166480
-1183336766
1016.409424
26.479166
24963
339166590
-1183337104
 339166480
-1183336763
1016.409424
26.479166
24963
339166590
-1183337104
 339166478
-1183336763
1016.409424
26.479166
24963
339166590
-1183337104
 339166440
-1183336733
1016.409424
26.479166
24963
339166590
-1183337104
 339166440
-1183336735
1016.409424
26.479166
24963
339166590
-1183337104
 339166436
-1183336735
1016.409424
26.479166
24963
339166590
-1183337104
 339166419
-1183336724
1016.409424
26.479166
24963
339166590
-1183337104
 339166419
-1183336726
1016.409424
26.479166
24963
339166590
-1183337104
 339166415
-1183336726
1016.409424
26.479166
24963
339166590
-1183337104
 339166413
-1183336731
1016.409424
26.479166
24963
339166590
-1183337104
 339166397
-1183336735
1016.409424
26.479166
24963
339166590
-1183337104
 339166397
-1183336745
1016.409424
26.479166
24963
339166590
-1183337104
 339166397
-1183336745
1016.409424
26.479166
24963
339166590
-1183337104
 339166380
-1183336732
1016.409424
26.479166
24963
339166590
-1183337104
 339166365
-1183336730
1016.409424
26.479166
24963
339166590
-1183337104
 339166365
-1183336738
1016.409424
26.479166
24963
339166590
-1183337104
 339166361
-1183336738
1016.409424
26.479166
24963
339166590
-1183337104
 339166352
-1183336735
1016.409424
26.479166
24963
339166590
-1183337104
 339166352
-1183336747
1016.409424
26.479166
24963
339166590
-1183337104
 339166348
-1183336747
1016.409424
26.479166
24963
339166590
-1183337104
 339166351
-1183336778
1016.409424
26.479166
24963
339166590
-1183337104
 339166351
-1183336775
1016.409424
26.479166
24963
339166590
-1183337104
 339166349
-1183336775
1016.409424
26.479166
24963
339166590
-1183337104
 339166334
-1183336750
1016.409424
26.479166
24963
339166590
-1183337104
 339166334
-1183336734
1016.409424
26.479166
24963
339166590
-1183337104
 339166330
-1183336734
1016.409424
26.479166
24963
339166590
-1183337104
 339166330
-1183336732
1016.409424
26.479166
24963
339166590
-1183337104
 339166327
-1183336732
1016.409424
26.479166
24963
339166590
-1183337104
 339166327
-1183336737
1016.409424
26.479166
24963
339166590
-1183337104
 339166329
-1183336737
1016.409424
26.479166
24963
339166590
-1183337104
 339166335
-1183336729
1016.409424
26.479166
24963
339166590
-1183337104
 339166335
-1183336736
1016.409424
26.479166
24963
339166590
-1183337104
 339166323
-1183336736
1016.409424
26.479166
24963
339166590
-1183337104
 339166303
-1183336750
1016.409424
26.479166
24963
339166590
-1183337104
 339166303
-1183336753
1016.409424
26.479166
24963
339166590
-1183337104
 339166297
-1183336753
1016.409424
26.479166
24963
339166590
-1183337104
 339166280
-1183336820
1016.409424
26.479166
24963
339166590
-1183337104
 339166280
-1183336840
1016.409424
26.479166
24963
339166590
-1183337104
 339166283
-1183336840
1016.409424
26.479166
24963
339166590
-1183337104
 339166283
-1183336846
1016.409424
26.479166
24963
339166590
-1183337104
 339166283
-1183336855
1016.409424
26.479166
24963
339166590
-1183337104
 339166283
-1183336883
1016.409424
26.479166
24963
339166590
-1183337104
 339166283
-1183336883
1016.409424
26.479166
24963
339166590
-1183337104
 339166288
-1183336912
1016.409424
26.479166
24963
339166590
-1183337104
 339166290
-1183336931
1016.409424
26.479166
24963
339166590
-1183337104
 339166290
-1183336946
1016.409424
26.479166
24963
339166590
-1183337104
 339166290
-1183336946
1016.409424
26.479166
24963
339166590
-1183337104
 339166278
-1183336962
1016.409424
26.479166
24963
339166590
-1183337104
 339166260
-1183336971
1016.409424
26.479166
24963
339166590
-1183337104
 339166260
-1183336973
1016.409424
26.479166
24963
339166590
-1183337104
 339166246
-1183336973
1016.409424
26.479166
24963
339166590
-1183337104
 339166217
-1183336977
1016.409424
26.479166
24963
339166590
-1183337104
 339166217
-1183337003
1016.409424
26.479166
24963
339166590
-1183337104
 339166199
-1183337003
1016.409424
26.479166
24963
339166590
-1183337104
 339166215
-1183337038
1016.409424
26.479166
24963
339166590
-1183337104
 339166215
-1183337036
1016.409424
26.479166
24963
339166590
-1183337104
 339166228
-1183337036
1016.409424
26.479166
24963
339166590
-1183337104
 339166238
-1183337043
1016.409424
26.479166
24963
339166590
-1183337104
 339166259
-1183337019
1016.409424
26.479166
24963
339166590
-1183337104
 339166259
-1183337026
1016.409424
26.479166
24963
339166590
-1183337104
 339166267
-1183337026
1016.409424
26.479166
24963
339166590
-1183337104
 339166292
-1183337024
1016.409424
26.479166
24963
339166590
-1183337104
 339166299
-1183337040
1016.409424
26.479166
24963
339166590
-1183337104
 339166299
-1183337010
1016.409424
26.479166
24963
339166590
-1183337104
 339166324
-1183337010
1016.409424
26.479166
24963
339166590
-1183337104
 339166332
-1183337004
1016.409424
26.479166
24963
339166590
-1183337104
 339166332
-1183337004
1016.409424
26.479166
24963
339166590
-1183337104
 339166331
-1183337004
1016.409424
26.479166
24963
339166590
-1183337104
 339166323
-1183336945
1016.409424
26.479166
24963
339166590
-1183337104
 339166323
-1183336907
1016.409424
26.479166
24963
339166590
-1183337104
 339166317
-1183336907
1016.409424
26.479166
24963
339166590
-1183337104
 339166293
-1183336800
1016.409424
26.479166
24963
339166590
-1183337104
 339166293
-1183336773
1016.409424
26.479166
24963
339166590
-1183337104
 339166287
-1183336773
1016.409424
26.479166
24963
339166590
-1183337104
 339166296
-1183336732
1016.409424
26.479166
24963
339166590
-1183337104
 339166296
-1183336695
1016.409424
26.479166
24963
339166590
-1183337104
 339166294
-1183336695
1016.409424
26.479166
24963
339166590
-1183337104
 339166272
-1183336680
1016.409424
26.479166
24963
339166590
-1183337104
 339166268
-1183336646
1016.409424
26.479166
24963
339166590
-1183337104
 339166268
-1183336626
1016.409424
26.479166
24963
339166590
-1183337104
 339166266
-1183336626
1016.409424
26.479166
24963
339166590
-1183337104
 339166268
-1183336604
1016.409424
26.479166
24963
339166590
-1183337104
 339166271
-1183336619
1016.409424
26.479166
24963
339166590
-1183337104
 339166271
-1183336597
1016.409424
26.479166
24963
339166590
-1183337104
 339166285
-1183336597
1016.409424
26.479166
24963
339166590
-1183337104
 339166299
-1183336602
1016.409424
26.479166
24963
339166590
-1183337104
 339166299
-1183336639
1016.409424
26.479166
24963
339166590
-1183337104
 339166301
-1183336639
1016.409424
26.479166
24963
339166590
-1183337104
 339166325
-1183336684
1016.409424
26.479166
24963
339166590
-1183337104
 339166325
-1183336704
1016.409424
26.479166
24963
339166590
-1183337104
 339166327
-1183336704
1016.409424
26.479166
24963
339166590
-1183337104
 339166336
-1183336707
1016.409424
26.479166
24963
339166590
-1183337104
 339166336
-1183336728
1016.409424
26.479166
24963
339166590
-1183337104
 339166337
-1183336728
1016.409424
26.479166
24963
339166590
-1183337104
 339166334
-1183336753
1016.409424
26.479166
24963
339166590
-1183337104
 339166330
-1183336795
1016.409424
26.479166
24963
339166590
-1183337104
 339166330
-1183336792
1016.409424
26.479166
24963
339166590
-1183337104
 339166320
-1183336792
1016.409424
26.479166
24963
339166590
-1183337104
 339166330
-1183336781
1016.409424
26.479166
24963
339166590
-1183337104
 339166330
-1183336726
1016.409424
26.479166
24963
339166590
-1183337104
 339166324
-1183336726
1016.409424
26.479166
24963
339166590
-1183337104
 339166328
-1183336738
1016.409424
26.479166
24963
339166590
-1183337104
 339166310
-1183336695
1016.409424
26.479166
24963
339166590
-1183337104
 339166310
-1183336685
1016.409424
26.479166
24963
339166590
-1183337104
 339166316
-1183336685
1016.409424
26.479166
24963
339166590
-1183337104
 339166332
-1183336682
1016.409424
26.479166
24963
339166590
-1183337104
 339166332
-1183336662
1016.409424
26.479166
24963
339166590
-1183337104
 339166328
-1183336662
1016.409424
26.479166
24963
339166590
-1183337104
 339166332
-1183336657
1016.409424
26.479166
24963
339166590
-1183337104
 339166332
-1183336664
1016.409424
26.479166
24963
339166590
-1183337104
 339166332
-1183336664
1016.409424
26.479166
24963
339166590
-1183337104
 339166307
-1183336573
1016.409424
26.479166
24963
339166590
-1183337104
 339166307
-1183336569
1016.409424
26.479166
24963
339166590
-1183337104
 339166301
-1183336569
1016.409424
26.479166
24963
339166590
-1183337104
 339166310
-1183336529
1016.409424
26.479166
24963
339166590
-1183337104
 339166316
-1183336515
1016.409424
26.479166
24963
339166590
-1183337104
 339166316
-1183336515
1016.409424
26.479166
24963
339166590
-1183337104
 339166320
-1183336515
1016.409424
26.479166
24963
339166590
-1183337104
 339166323
-1183336533
1016.409424
26.479166
24963
339166590
-1183337104
 339166322
-1183336528
1016.409424
26.479166
24963
339166590
-1183337104
 339166322
-1183336537
1016.409424
26.479166
24963
339166590
-1183337104
 339166330
-1183336537
1016.409424
26.479166
24963
339166590
-1183337104
 339166340
-1183336536
1016.409424
26.479166
24963
339166590
-1183337104
 339166340
-1183336533
1016.409424
26.479166
24963
339166590
-1183337104
 339166350
-1183336533
1016.409424
26.479166
24963
339166590
-1183337104
 339166346
-1183336538
1016.409424
26.479166
24963
339166590
-1183337104
 339166346
-1183336544
1016.409424
26.479166
24963
339166590
-1183337104
 339166349
-1183336544
1016.409424
26.479166
24963
339166590
-1183337104
 339166367
-1183336576
1016.409424
26.479166
24963
339166590
-1183337104
 339166367
-1183336581
1016.409424
26.479166
24963
339166590
-1183337104
 339166366
-1183336581
1016.409424
26.479166
24963
339166590
-1183337104
 339166366
-1183336601
1016.409424
26.479166
24963
339166590
-1183337104
 339166366
-1183336609
1016.409424
26.479166
24963
339166590
-1183337104
 339166384
-1183336609
1016.409424
26.479166
24963
339166590
-1183337104
 339166392
-1183336613
1016.409424
26.479166
24963
339166590
-1183337104
 339166392
-1183336618
1016.409424
26.479166
24963
339166590
-1183337104
 339166393
-1183336618
1016.409424
26.479166
24963
339166590
-1183337104
 339166393
-1183336627
1016.409424
26.479166
24963
339166590
-1183337104
 339166390
-1183336635
1016.409424
26.479166
24963
339166590
-1183337104
 339166390
-1183336637
1016.409424
26.479166
24963
339166590
-1183337104
 339166388
-1183336637
1016.409424
26.479166
24963
339166590
-1183337104
 339166386
-1183336661
1016.409424
26.479166
24963
339166590
-1183337104
 339166386
-1183336672
1016.409424
26.479166
24963
339166590
-1183337104
 339166389
-1183336672
1016.409424
26.479166
24963
339166590
-1183337104
 339166398
-1183336699
1016.409424
26.479166
24963
339166590
-1183337104
 339166398
-1183336709
1016.409424
26.479166
24963
339166590
-1183337104
 339166407
-1183336709
1016.409424
26.479166
24963
339166590
-1183337104
 339166413
-1183336734
1016.409424
26.479166
24963
339166590
-1183337104
 339166413
-1183336748
1016.409424
26.479166
24963
339166590
-1183337104
 339166416
-1183336748
1016.409424
26.479166
24963
339166590
-1183337104
 339166420
-1183336759
1016.409424
26.479166
24963
339166590
-1183337104
 