339166672
-1183337300
1016.409424
26.479166
24963
339166590
-1183337104
 339166663
-1183337293
1016.409424
26.479166
24963
339166590
-1183337104
 339166663
-1183337298
1016.409424
26.479166
24963
339166590
-1183337104
 339166655
-1183337298
1016.409424
26.479166
24963
339166590
-1183337104
 339166648
-1183337306
1016.409424
26.479166
24963
339166590
-1183337104
 339166644
-1183337311
1016.409424
26.479166
24963
339166590
-1183337104
 339166644
-1183337326
1016.409424
26.479166
24963
339166590
-1183337104
 339166649
-1183337326
1016.409424
26.479166
24963
339166590
-1183337104
 339166653
-1183337347
1016.409424
26.479166
24963
339166590
-1183337104
 339166653
-1183337337
1016.409424
26.479166
24963
339166590
-1183337104
 339166649
-1183337337
1016.409424
26.479166
24963
339166590
-1183337104
 339166660
-1183337419
1016.409424
26.479166
24963
339166590
-1183337104
 339166660
-1183337461
1016.409424
26.479166
24963
339166590
-1183337104
 339166665
-1183337461
1016.409424
26.479166
24963
339166590
-1183337104
 339166671
-1183337495
1016.409424
26.479166
24963
339166590
-1183337104
 339166675
-1183337544
1016.409424
26.479166
24963
339166590
-1183337104
 339166675
-1183337524
1016.409424
26.479166
24963
339166590
-1183337104
 339166648
-1183337524
1016.409424
26.479166
24963
339166590
-1183337104
 339166635
-1183337567
1016.409424
26.479166
24963
339166590
-1183337104
 339166635
-1183337559
1016.409424
26.479166
24963
339166590
-1183337104
 339166635
-1183337559
1016.409424
26.479166
24963
339166590
-1183337104
 339166621
-1183337481
1016.409424
26.479166
24963
339166590
-1183337104
 339166621
-1183337499
1016.409424
26.479166
24963
339166590
-1183337104
 339166620
-1183337499
1016.409424
26.479166
24963
339166590
-1183337104
 339166596
-1183337382
1016.409424
26.479166
24963
339166590
-1183337104
 339166596
-1183337376
1016.409424
26.479166
24963
339166590
-1183337104
 339166583
-1183337376
1016.409424
26.479166
24963
339166590
-1183337104
 339166573
-1183337371
1016.409424
26.479166
24963
339166590
-1183337104
 339166565
-1183337376
1016.409424
26.479166
24963
339166590
-1183337104
 339166565
-1183337388
1016.409424
26.479166
24963
339166590
-1183337104
 339166561
-1183337388
1016.409424
26.479166
24963
339166590
-1183337104
 339166541
-1183337426
1016.409424
26.479166
24963
339166590
-1183337104
 339166540
-1183337446
1016.409424
26.479166
24963
339166590
-1183337104
 339166540
-1183337436
1016.409424
26.479166
24963
339166590
-1183337104
 339166543
-1183337436
1016.409424
26.479166
24963
339166590
-1183337104
 339166553
-1183337461
1016.409424
26.479166
24963
339166590
-1183337104
 339166553
-1183337458
1016.409424
26.479166
24963
339166590
-1183337104
 339166558
-1183337458
1016.409424
26.479166
24963
339166590
-1183337104
 339166544
-1183337469
1016.409424
26.479166
24963
339166590
-1183337104
 339166544
-1183337478
1016.409424
26.479166
24963
339166590
-1183337104
 339166537
-1183337478
1016.409424
26.479166
24963
339166590
-1183337104
 339166529
-1183337501
1016.409424
26.479166
24963
339166590
-1183337104
 339166529
-1183337510
1016.409424
26.479166
24963
339166590
-1183337104
 339166537
-1183337510
1016.409424
26.479166
24963
339166590
-1183337104
 339166545
-1183337530
1016.409424
26.479166
24963
339166590
-1183337104
 