339166375
-1183336740
1016.409424
26.479166
24963
339166590
-1183337104
 339166375
-1183336744
1016.409424
26.479166
24963
339166590
-1183337104
 339166377
-1183336744
1016.409424
26.479166
24963
339166590
-1183337104
 339166379
-1183336745
1016.409424
26.479166
24963
339166590
-1183337104
 339166379
-1183336743
1016.409424
26.479166
24963
339166590
-1183337104
 339166380
-1183336743
1016.409424
26.479166
24963
339166590
-1183337104
 339166382
-1183336744
1016.409424
26.479166
24963
339166590
-1183337104
 339166385
-1183336745
1016.409424
26.479166
24963
339166590
-1183337104
 h                               66590
-1183337104
 he                              66590
-1183337104
 hel                             66590
-1183337104
 hell                            66590
-1183337104
 hello                           66590
-1183337104
 hello                           66590
-1183337104
 hello f                         66590
-1183337104
 hello fr                        66590
-1183337104
 hello fro                       66590
-1183337104
 hello from                      66590
-1183337104
 hello from                      66590
-1183337104
 hello from n                    66590
-1183337104
 hello from no                   66590
-1183337104
 hello from nod                  66590
-1183337104
 hello from node                 66590
-1183337104
 339166385
-1183336749
1016.409424
26.479166
24963
339166590
-1183337104
 339166388
-1183336749
1016.409424
26.479166
24963
339166590
-1183337104
 339166393
-1183336756
1016.409424
26.479166
24963
339166590
-1183337104
 339166393
-1183336759
1016.409424
26.479166
24963
339166590
-1183337104
 339166395
-1183336759
1016.409424
26.479166
24963
339166590
-1183337104
 339166396
-1183336761
1016.409424
26.479166
24963
339166590
-1183337104
 339166396
-1183336764
1016.409424
26.479166
24963
339166590
-1183337104
 339166401
-1183336764
1016.409424
26.479166
24963
339166590
-1183337104
 339166405
-1183336772
1016.409424
26.479166
24963
339166590
-1183337104
 339166399
-1183336772
1016.409424
26.479166
24963
339166590
-1183337104
 339166399
-1183336773
1016.409424
26.479166
24963
339166590
-1183337104
 339166390
-1183336773
1016.409424
26.479166
24963
339166590
-1183337104
 339166390
-1183336774
1016.409424
26.479166
24963
339166590
-1183337104
 339166386
-1183336774
1016.409424
26.479166
24963
339166590
-1183337104
 339166386
-1183336774
1016.409424
26.479166
24963
339166590
-1183337104
 339166387
-1183336774
1016.409424
26.479166
24963
339166590
-1183337104
 339166388
-1183336772
1016.409424
26.479166
24963
339166590
-1183337104
 339166385
-1183336775
1016.409424
26.479166
24963
339166590
-1183337104
 339166385
-1183336776
1016.409424
26.479166
24963
339166590
-1183337104
 h                               66590
-1183337104
 he                              66590
-1183337104
 hel                             66590
-1183337104
 hell                            66590
-1183337104
 hello                           66590
-1183337104
 hello                           66590
-1183337104
 hello f                         66590
-1183337104
 hello fr                        66590
-1183337104
 hello fro                       66590
-1183337104
 hello from                      66590
-1183337104
 hello from                      66590
-1183337104
 hello from n                    66590
-1183337104
 hello from no                   66590
-1183337104
 hello from nod                  66590
-1183337104
 hello from node                 66590
-1183337104
 339166383
-1183336776
1016.409424
26.479166
24963
339166590
-1183337104
 339166389
-1183336776
1016.409424
26.479166
24963
339166590
-1183337104
 h                               66590
-1183337104
 he                              66590
-1183337104
 hel                             66590
-1183337104
 hell                            66590
-1183337104
 hello                           66590
-1183337104
 hello                           66590
-1183337104
 hello f                         66590
-1183337104
 hello fr                        66590
-1183337104
 hello fro                       66590
-1183337104
 hello from                      66590
-1183337104
 hello from                      66590
-1183337104
 hello from n                    66590
-1183337104
 hello from no                   66590
-1183337104
 hello from nod                  66590
-1183337104
 hello from node                 66590
-1183337104
 339166389
-1183336782
1016.409424
26.479166
24963
339166590
-1183337104
 339166393
-1183336782
1016.409424
26.479166
24963
339166590
-1183337104
 339166395
-1183336788
1016.409424
26.479166
24963
339166590
-1183337104
 339166397
-1183336789
1016.409424
26.479166
24963
339166590
-1183337104
 339166397
-1183336795
1016.409424
26.479166
24963
339166590
-1183337104
 339166396
-1183336795
1016.409424
26.479166
24963
339166590
-1183337104
 339166396
-1183336789
1016.409424
26.479166
24963
339166590
-1183337104
 339166396
-1183336789
1016.409424
26.479166
24963
339166590
-1183337104
 h                               66590
-1183337104
 he                              66590
-1183337104
 hel                             66590
-1183337104
 hell                            66590
-1183337104
 hello                           66590
-1183337104
 hello                           66590
-1183337104
 hello f                         66590
-1183337104
 hello fr                        66590
-1183337104
 hello fro                       66590
-1183337104
 hello from                      66590
-1183337104
 hello from                      66590
-1183337104
 hello from n                    66590
-1183337104
 hello from no                   66590
-1183337104
 hello from nod                  66590
-1183337104
 hello from node                 66590
-1183337104
 339166394
-1183336789
1016.409424
26.479166
24963
339166590
-1183337104
 339166385
-1183336780
1016.409424
26.479166
24963
339166590
-1183337104
 