339166755
-1183336765
1016.409424
26.479166
24963
339166590
-1183337104
 339166761
-1183336765
1016.409424
26.479166
24963
339166590
-1183337104
 339166823
-1183336755
1016.409424
26.479166
24963
339166590
-1183337104
 339166823
-1183336730
1016.409424
26.479166
24963
339166590
-1183337104
 339166818
-1183336730
1016.409424
26.479166
24963
339166590
-1183337104
 339166880
-1183336707
1016.409424
26.479166
24963
339166590
-1183337104
 339166880
-1183336719
1016.409424
26.479166
24963
339166590
-1183337104
 339166869
-1183336719
1016.409424
26.479166
24963
339166590
-1183337104
 339166880
-1183336731
1016.409424
26.479166
24963
339166590
-1183337104
 339166909
-1183336712
1016.409424
26.479166
24963
339166590
-1183337104
 339166909
-1183336680
1016.409424
26.479166
24963
339166590
-1183337104
 339166913
-1183336680
1016.409424
26.479166
24963
339166590
-1183337104
 339166925
-1183336676
1016.409424
26.479166
24963
339166590
-1183337104
 339166925
-1183336708
1016.409424
26.479166
24963
339166590
-1183337104
 339166928
-1183336708
1016.409424
26.479166
24963
339166590
-1183337104
 339166957
-1183336671
1016.409424
26.479166
24963
339166590
-1183337104
 339166957
-1183336662
1016.409424
26.479166
24963
339166590
-1183337104
 339166975
-1183336662
1016.409424
26.479166
24963
339166590
-1183337104
 339167003
-1183336632
1016.409424
26.479166
24963
339166590
-1183337104
 339167003
-1183336632
1016.409424
26.479166
24963
339166590
-1183337104
 339166972
-1183336632
1016.409424
26.479166
24963
339166590
-1183337104
 339166978
-1183336628
1016.409424
26.479166
24963
339166590
-1183337104
 339166978
-1183336623
1016.409424
26.479166
24963
339166590
-1183337104
 339166993
-1183336623
1016.409424
26.479166
24963
339166590
-1183337104
 339167000
-1183336612
1016.409424
26.479166
24963
339166590
-1183337104
 339167000
-1183336609
1016.409424
26.479166
24963
339166590
-1183337104
 339167022
-1183336609
1016.409424
26.479166
24963
339166590
-1183337104
 339166992
-1183336584
1016.409424
26.479166
24963
339166590
-1183337104
 339166992
-1183336564
1016.409424
26.479166
24963
339166590
-1183337104
 339166996
-1183336564
1016.409424
26.479166
24963
339166590
-1183337104
 339167044
-1183336537
1016.409424
26.479166
24963
339166590
-1183337104
 339167044
-1183336507
1016.409424
26.479166
24963
339166590
-1183337104
 339167038
-1183336507
1016.409424
26.479166
24963
339166590
-1183337104
 339167002
-1183336497
1016.409424
26.479166
24963
339166590
-1183337104
 339167002
-1183336491
1016.409424
26.479166
24963
339166590
-1183337104
 339166990
-1183336491
1016.409424
26.479166
24963
339166590
-1183337104
 339166974
-1183336467
1016.409424
26.479166
24963
339166590
-1183337104
 339166974
-1183336463
1016.409424
26.479166
24963
339166590
-1183337104
 339166951
-1183336463
1016.409424
26.479166
24963
339166590
-1183337104
 339166921
-1183336465
1016.409424
26.479166
24963
339166590
-1183337104
 339166901
-1183336487
1016.409424
26.479166
24963
339166590
-1183337104
 339166901
-1183336488
1016.409424
26.479166
24963
339166590
-1183337104
 339166875
-1183336488
1016.409424
26.479166
24963
339166590
-1183337104
 339166831
-1183336489
1016.409424
26.479166
24963
339166590
-1183337104
 339166831
-1183336487
1016.409424
26.479166
24963
339166590
-1183337104
 339166821
-1183336487
1016.409424
26.479166
24963
339166590
-1183337104
 339166823
-1183336492
1016.409424
26.479166
24963
339166590
-1183337104
 339166823
-1183336466
1016.409424
26.479166
24963
339166590
-1183337104
 339166790
-1183336466
1016.409424
26.479166
24963
339166590
-1183337104
 339166768
-1183336453
1016.409424
26.479166
24963
339166590
-1183337104
 339166810
-1183336431
1016.409424
26.479166
24963
339166590
-1183337104
 339166810
-1183336414
1016.409424
26.479166
24963
339166590
-1183337104
 339166854
-1183336414
1016.409424
26.479166
24963
339166590
-1183337104
 339166809
-1183336392
1016.409424
26.479166
24963
339166590
-1183337104
 339166809
-1183336382
1016.409424
26.479166
24963
339166590
-1183337104
 339166780
-1183336382
1016.409424
26.479166
24963
339166590
-1183337104
 339166756
-1183336377
1016.409424
26.479166
24963
339166590
-1183337104
 339166756
-1183336382
1016.409424
26.479166
24963
339166590
-1183337104
 339166736
-1183336382
1016.409424
26.479166
24963
339166590
-1183337104
 339166734
-1183336407
1016.409424
26.479166
24963
339166590
-1183337104
 339166734
-1183336403
1016.409424
26.479166
24963
339166590
-1183337104
 339166735
-1183336403
1016.409424
26.479166
24963
339166590
-1183337104
 339166710
-1183336399
1016.409424
26.479166
24963
339166590
-1183337104
 339166710
-1183336405
1016.409424
26.479166
24963
339166590
-1183337104
 339166698
-1183336405
1016.409424
26.479166
24963
339166590
-1183337104
 339166703
-1183336431
1016.409424
26.479166
24963
339166590
-1183337104
 339166695
-1183336453
1016.409424
26.479166
24963
339166590
-1183337104
 339166695
-1183336478
1016.409424
26.479166
24963
339166590
-1183337104
 339166694
-1183336478
1016.409424
26.479166
24963
339166590
-1183337104
 339166699
-1183336524
1016.409424
26.479166
24963
339166590
-1183337104
 339166702
-1183336518
1016.409424
26.479166
24963
339166590
-1183337104
 339166702
-1183336569
1016.409424
26.479166
24963
339166590
-1183337104
 339166751
-1183336569
1016.409424
26.479166
24963
339166590
-1183337104
 339166774
-1183336568
1016.409424
26.479166
24963
339166590
-1183337104
 339166765
-1183336562
1016.409424
26.479166
24963
339166590
-1183337104
 339166765
-1183336560
1016.409424
26.479166
24963
339166590
-1183337104
 339166761
-1183336560
1016.409424
26.479166
24963
339166590
-1183337104
 339166780
-1183336564
1016.409424
26.479166
24963
339166590
-1183337104
 339166766
-1183336574
1016.409424
26.479166
24963
339166590
-1183337104
 339166766
-1183336556
1016.409424
26.479166
24963
339166590
-1183337104
 339166757
-1183336556
1016.409424
26.479166
24963
339166590
-1183337104
 339166739
-1183336549
1016.409424
26.479166
24963
339166590
-1183337104
 339166748
-1183336543
1016.409424
26.479166
24963
339166590
-1183337104
 339166748
-1183336541
1016.409424
26.479166
24963
339166590
-1183337104
 339166750
-1183336541
1016.409424
26.479166
24963
339166590
-1183337104
 339166752
-1183336523
1016.409424
26.479166
24963
339166590
-1183337104
 339166746
-1183336511
1016.409424
26.479166
24963
339166590
-1183337104
 339166746
-1183336512
1016.409424
26.479166
24963
339166590
-1183337104
 339166761
-1183336512
1016.409424
26.479166
24963
339166590
-1183337104
 339166794
-1183336501
1016.409424
26.479166
24963
339166590
-1183337104
 339166794
-1183336505
1016.409424
26.479166
24963
339166590
-1183337104
 339166803
-1183336505
1016.409424
26.479166
24963
339166590
-1183337104
 339166804
-1183336529
1016.409424
26.479166
24963
339166590
-1183337104
 339166804
-1183336529
1016.409424
26.479166
24963
339166590
-1183337104
 339166799
-1183336529
1016.409424
26.479166
24963
339166590
-1183337104
 339166793
-1183336535
1016.409424
26.479166
24963
339166590
-1183337104
 339166780
-1183336520
1016.409424
26.479166
24963
339166590
-1183337104
 339166780
-1183336529
1016.409424
26.479166
24963
339166590
-1183337104
 339166773
-1183336529
1016.409424
26.479166
24963
339166590
-1183337104
 339166759
-1183336502
1016.409424
26.479166
24963
339166590
-1183337104
 339166759
-1183336510
1016.409424
26.479166
24963
339166590
-1183337104
 339166752
-1183336510
1016.409424
26.479166
24963
339166590
-1183337104
 339166750
-1183336478
1016.409424
26.479166
24963
339166590
-1183337104
 339166750
-1183336488
1016.409424
26.479166
24963
339166590
-1183337104
 339166755
-1183336488
1016.409424
26.479166
24963
339166590
-1183337104
 339166751
-1183336513
1016.409424
26.479166
24963
339166590
-1183337104
 339166751
-1183336509
1016.409424
26.479166
24963
339166590
-1183337104
 339166746
-1183336509
1016.409424
26.479166
24963
339166590
-1183337104
 339166760
-1183336524
1016.409424
26.479166
24963
339166590
-1183337104
 339166768
-1183336547
1016.409424
26.479166
24963
339166590
-1183337104
 339166768
-1183336544
1016.409424
26.479166
24963
339166590
-1183337104
 339166782
-1183336544
1016.409424
26.479166
24963
339166590
-1183337104
 339166789
-1183336565
1016.409424
26.479166
24963
339166590
-1183337104
 339166789
-1183336566
1016.409424
26.479166
24963
339166590
-1183337104
 339166789
-1183336566
1016.409424
26.479166
24963
339166590
-1183337104
 339166800
-1183336582
1016.409424
26.479166
24963
339166590
-1183337104
 339166800
-1183336593
1016.409424
26.479166
24963
339166590
-1183337104
 339166802
-1183336593
1016.409424
26.479166
24963
339166590
-1183337104
 339166839
-1183336611
1016.409424
26.479166
24963
339166590
-1183337104
 339166839
-1183336618
1016.409424
26.479166
24963
339166590
-1183337104
 339166856
-1183336618
1016.409424
26.479166
24963
339166590
-1183337104
 339166856
-1183336640
1016.409424
26.479166
24963
339166590
-1183337104
 339166856
-1183336666
1016.409424
26.479166
24963
339166590
-1183337104
 339166856
-1183336674
1016.409424
26.479166
24963
339166590
-1183337104
 339166857
-1183336674
1016.409424
26.479166
24963
339166590
-1183337104
 339166859
-1183336678
1016.409424
26.479166
24963
339166590
-1183337104
 339166888
-1183336641
1016.409424
26.479166
24963
339166590
-1183337104
 339166888
-1183336658
1016.409424
26.479166
24963
339166590
-1183337104
 339166887
-1183336658
1016.409424
26.479166
24963
339166590
-1183337104
 339166887
-1183336656
1016.409424
26.479166
24963
339166590
-1183337104
 339166890
-1183336664
1016.409424
26.479166
24963
339166590
-1183337104
 339166890
-1183336666
1016.409424
26.479166
24963
339166590
-1183337104
 339166896
-1183336666
1016.409424
26.479166
24963
339166590
-1183337104
 339166908
-1183336635
1016.409424
26.479166
24963
339166590
-1183337104
 339166908
-1183336634
1016.409424
26.479166
24963
339166590
-1183337104
 339166912
-1183336634
1016.409424
26.479166
24963
339166590
-1183337104
 339166919
-1183336633
1016.409424
26.479166
24963
339166590
-1183337104
 339166915
-1183336676
1016.409424
26.479166
24963
339166590
-1183337104
 339166915
-1183336673
1016.409424
26.479166
24963
339166590
-1183337104
 339166924
-1183336673
1016.409424
26.479166
24963
339166590
-1183337104
 339166915
-1183336694
1016.409424
26.479166
24963
339166590
-1183337104
 339166915
-1183336683
1016.409424
26.479166
24963
339166590
-1183337104
 339166920
-1183336683
1016.409424
26.479166
24963
339166590
-1183337104
 339166924
-1183336675
1016.409424
26.479166
24963
339166590
-1183337104
 339166933
-1183336643
1016.409424
26.479166
24963
339166590
-1183337104
 339166933
-1183336641
1016.409424
26.479166
24963
339166590
-1183337104
 339166930
-1183336641
1016.409424
26.479166
24963
339166590
-1183337104
 339166964
-1183336534
1016.409424
26.479166
24963
339166590
-1183337104
 339166964
-1183336532
1016.409424
26.479166
24963
339166590
-1183337104
 339166959
-1183336532
1016.409424
26.479166
24963
339166590
-1183337104
 339166964
-1183336553
1016.409424
26.479166
24963
339166590
-1183337104
 339166952
-1183336592
1016.409424
26.479166
24963
339166590
-1183337104
 339166952
-1183336549
1016.409424
26.479166
24963
339166590
-1183337104
 339166950
-1183336549
1016.409424
26.479166
24963
339166590
-1183337104
 339166956
-1183336541
1016.409424
26.479166
24963
339166590
-1183337104
 339166958
-1183336525
1016.409424
26.479166
24963
339166590
-1183337104
 339166958
-1183336475
1016.409424
26.479166
24963
339166590
-1183337104
 339166974
-1183336475
1016.409424
26.479166
24963
339166590
-1183337104
 339167033
-1183336352
1016.409424
26.479166
24963
339166590
-1183337104
 339167033
-1183336336
1016.409424
26.479166
24963
339166590
-1183337104
 339167056
-1183336336
1016.409424
26.479166
24963
339166590
-1183337104
 339167071
-1183336340
1016.409424
26.479166
24963
339166590
-1183337104
 339167074
-1183336320
1016.409424
26.479166
24963
339166590
-1183337104
 339167074
-1183336285
1016.409424
26.479166
24963
339166590
-1183337104
 339167078
-1183336285
1016.409424
26.479166
24963
339166590
-1183337104
 339167142
-1183336330
1016.409424
26.479166
24963
339166590
-1183337104
 339167142
-1183336351
1016.409424
26.479166
24963
339166590
-1183337104
 339167156
-1183336351
1016.409424
26.479166
24963
339166590
-1183337104
 339167182
-1183336363
1016.409424
26.479166
24963
339166590
-1183337104
 339167182
-1183336360
1016.409424
26.479166
24963
339166590
-1183337104
 339167185
-1183336360
1016.409424
26.479166
24963
339166590
-1183337104
 339167234
-1183336394
1016.409424
26.479166
24963
339166590
-1183337104
 339167234
-1183336395
1016.409424
26.479166
24963
339166590
-1183337104
 339167248
-1183336395
1016.409424
26.479166
24963
339166590
-1183337104
 339167233
-1183336420
1016.409424
26.479166
24963
339166590
-1183337104
 339167233
-1183336420
1016.409424
26.479166
24963
339166590
-1183337104
 339167253
-1183336420
1016.409424
26.479166
24963
339166590
-1183337104
 339167290
-1183336427
1016.409424
26.479166
24963
339166590
-1183337104
 339167290
-1183336418
1016.409424
26.479166
24963
339166590
-1183337104
 339167312
-1183336418
1016.409424
26.479166
24963
339166590
-1183337104
 339167318
-1183336408
1016.409424
26.479166
24963
339166590
-1183337104
 339167324
-1183336419
1016.409424
26.479166
24963
339166590
-1183337104
 339167324
-1183336416
1016.409424
26.479166
24963
339166590
-1183337104
 339167331
-1183336416
1016.409424
26.479166
24963
339166590
-1183337104
 339167338
-1183336421
1016.409424
26.479166
24963
339166590
-1183337104
 339167338
-1183336426
1016.409424
26.479166
24963
339166590
-1183337104
 339167347
-1183336426
1016.409424
26.479166
24963
339166590
-1183337104
 339167342
-1183336449
1016.409424
26.479166
24963
339166590
-1183337104
 339167342
-1183336458
1016.409424
26.479166
24963
339166590
-1183337104
 339167347
-1183336458
1016.409424
26.479166
24963
339166590
-1183337104
 339167345
-1183336519
1016.409424
26.479166
24963
339166590
-1183337104
 339167345
-1183336504
1016.409424
26.479166
24963
339166590
-1183337104
 339167339
-1183336504
1016.409424
26.479166
24963
339166590
-1183337104
 339167354
-1183336511
1016.409424
26.479166
24963
339166590
-1183337104
 339167354
-1183336500
1016.409424
26.479166
24963
339166590
-1183337104
 339167344
-1183336500
1016.409424
26.479166
24963
339166590
-1183337104
 339167344
-1183336460
1016.409424
26.479166
24963
339166590
-1183337104
 339167344
-1183336442
1016.409424
26.479166
24963
339166590
-1183337104
 339167344
-1183336440
1016.409424
26.479166
24963
339166590
-1183337104
 339167342
-1183336440
1016.409424
26.479166
24963
339166590
-1183337104
 339167356
-1183336439
1016.409424
26.479166
24963
339166590
-1183337104
 339167362
-1183336461
1016.409424
26.479166
24963
339166590
-1183337104
 339167362
-1183336468
1016.409424
26.479166
24963
339166590
-1183337104
 339167378
-1183336468
1016.409424
26.479166
24963
339166590
-1183337104
 339167397
-1183336583
1016.409424
26.479166
24963
339166590
-1183337104
 339167397
-1183336602
1016.409424
26.479166
24963
339166590
-1183337104
 339167395
-1183336602
1016.409424
26.479166
24963
339166590
-1183337104
 339167372
-1183336667
1016.409424
26.479166
24963
339166590
-1183337104
 339167372
-1183336660
1016.409424
26.479166
24963
339166590
-1183337104
 339167377
-1183336660
1016.409424
26.479166
24963
339166590
-1183337104
 339167377
-1183336647
1016.409424
26.479166
24963
339166590
-1183337104
 339167375
-1183336633
1016.409424
26.479166
24963
339166590
-1183337104
 339167375
-1183336637
1016.409424
26.479166
24963
339166590
-1183337104
 339167366
-1183336637
1016.409424
26.479166
24963
339166590
-1183337104
 339167350
-1183336653
1016.409424
26.479166
24963
339166590
-1183337104
 339167350
-1183336645
1016.409424
26.479166
24963
339166590
-1183337104
 339167350
-1183336645
1016.409424
26.479166
24963
339166590
-1183337104
 339167328
-1183336654
1016.409424
26.479166
24963
339166590
-1183337104
 339167328
-1183336656
1016.409424
26.479166
24963
339166590
-1183337104
 339167330
-1183336656
1016.409424
26.479166
24963
339166590
-1183337104
 339167310
-1183336665
1016.409424
26.479166
24963
339166590
-1183337104
 339167318
-1183336651
1016.409424
26.479166
24963
339166590
-1183337104
 339167318
-1183336651
1016.409424
26.479166
24963
339166590
-1183337104
 339167303
-1183336651
1016.409424
26.479166
24963
339166590
-1183337104
 339167268
-1183336638
1016.409424
26.479166
24963
339166590
-1183337104
 339167268
-1183336624
1016.409424
26.479166
24963
339166590
-1183337104
 339167233
-1183336624
1016.409424
26.479166
24963
339166590
-1183337104
 339167181
-1183336570
1016.409424
26.479166
24963
339166590
-1183337104
 339167181
-1183336550
1016.409424
26.479166
24963
339166590
-1183337104
 339167154
-1183336550
1016.409424
26.479166
24963
339166590
-1183337104
 339167131
-1183336552
1016.409424
26.479166
24963
339166590
-1183337104
 339167105
-1183336521
1016.409424
26.479166
24963
339166590
-1183337104
 339167105
-1183336521
1016.409424
26.479166
24963
339166590
-1183337104
 339167084
-1183336521
1016.409424
26.479166
24963
339166590
-1183337104
 339167066
-1183336524
1016.409424
26.479166
24963
339166590
-1183337104
 339167042
-1183336524
1016.409424
26.479166
24963
339166590
-1183337104
 339167042
-1183336518
1016.409424
26.479166
24963
339166590
-1183337104
 339167035
-1183336518
1016.409424
26.479166
24963
339166590
-1183337104
 