339166587
-1183336715
1016.409424
26.479166
24963
339166590
-1183337104
 339166582
-1183336711
1016.409424
26.479166
24963
339166590
-1183337104
 339166582
-1183336702
1016.409424
26.479166
24963
339166590
-1183337104
 339166579
-1183336702
1016.409424
26.479166
24963
339166590
-1183337104
 339166576
-1183336704
1016.409424
26.479166
24963
339166590
-1183337104
 339166573
-1183336706
1016.409424
26.479166
24963
339166590
-1183337104
 339166573
-1183336712
1016.409424
26.479166
24963
339166590
-1183337104
 339166575
-1183336712
1016.409424
26.479166
24963
339166590
-1183337104
 339166575
-1183336717
1016.409424
26.479166
24963
339166590
-1183337104
 339166573
-1183336719
1016.409424
26.479166
24963
339166590
-1183337104
 339166573
-1183336723
1016.409424
26.479166
24963
339166590
-1183337104
 339166572
-1183336723
1016.409424
26.479166
24963
339166590
-1183337104
 339166565
-1183336732
1016.409424
26.479166
24963
339166590
-1183337104
 339166565
-1183336734
1016.409424
26.479166
24963
339166590
-1183337104
 339166566
-1183336734
1016.409424
26.479166
24963
339166590
-1183337104
 339166565
-1183336733
1016.409424
26.479166
24963
339166590
-1183337104
 339166552
-1183336732
1016.409424
26.479166
24963
339166590
-1183337104
 339166552
-1183336726
1016.409424
26.479166
24963
339166590
-1183337104
 339166543
-1183336726
1016.409424
26.479166
24963
339166590
-1183337104
 339166545
-1183336721
1016.409424
26.479166
24963
339166590
-1183337104
 339166545
-1183336712
1016.409424
26.479166
24963
339166590
-1183337104
 339166543
-1183336712
1016.409424
26.479166
24963
339166590
-1183337104
 339166522
-1183336711
1016.409424
26.479166
24963
339166590
-1183337104
 339166522
-1183336720
1016.409424
26.479166
24963
339166590
-1183337104
 339166521
-1183336720
1016.409424
26.479166
24963
339166590
-1183337104
 339166530
-1183336735
1016.409424
26.479166
24963
339166590
-1183337104
 339166530
-1183336733
1016.409424
26.479166
24963
339166590
-1183337104
 339166533
-1183336733
1016.409424
26.479166
24963
339166590
-1183337104
 339166524
-1183336713
1016.409424
26.479166
24963
339166590
-1183337104
 339166524
-1183336715
1016.409424
26.479166
24963
339166590
-1183337104
 339166527
-1183336715
1016.409424
26.479166
24963
339166590
-1183337104
 339166535
-1183336713
1016.409424
26.479166
24963
339166590
-1183337104
 339166535
-1183336708
1016.409424
26.479166
24963
339166590
-1183337104
 339166538
-1183336708
1016.409424
26.479166
24963
339166590
-1183337104
 339166550
-1183336704
1016.409424
26.479166
24963
339166590
-1183337104
 339166550
-1183336704
1016.409424
26.479166
24963
339166590
-1183337104
 339166556
-1183336704
1016.409424
26.479166
24963
339166590
-1183337104
 339166559
-1183336705
1016.409424
26.479166
24963
339166590
-1183337104
 339166559
-1183336702
1016.409424
26.479166
24963
339166590
-1183337104
 339166564
-1183336702
1016.409424
26.479166
24963
339166590
-1183337104
 339166573
-1183336707
1016.409424
26.479166
24963
339166590
-1183337104
 339166573
-1183336723
1016.409424
26.479166
24963
339166590
-1183337104
 339166571
-1183336723
1016.409424
26.479166
24963
339166590
-1183337104
 339166578
-1183336723
1016.409424
26.479166
24963
339166590
-1183337104
 339166578
-1183336730
1016.409424
26.479166
24963
339166590
-1183337104
 339166580
-1183336730
1016.409424
26.479166
24963
339166590
-1183337104
 339166597
-1183336740
1016.409424
26.479166
24963
339166590
-1183337104
 339166597
-1183336744
1016.409424
26.479166
24963
339166590
-1183337104
 339166593
-1183336744
1016.409424
26.479166
24963
339166590
-1183337104
 339166588
-1183336748
1016.409424
26.479166
24963
339166590
-1183337104
 339166584
-1183336748
1016.409424
26.479166
24963
339166590
-1183337104
 339166584
-1183336742
1016.409424
26.479166
24963
339166590
-1183337104
 339166578
-1183336742
1016.409424
26.479166
24963
339166590
-1183337104
 339166574
-1183336737
1016.409424
26.479166
24963
339166590
-1183337104
 339166570
-1183336737
1016.409424
26.479166
24963
339166590
-1183337104
 339166570
-1183336737
1016.409424
26.479166
24963
339166590
-1183337104
 339166568
-1183336737
1016.409424
26.479166
24963
339166590
-1183337104
 