339167002
-1183336515
1016.409424
26.479166
24963
339166590
-1183337104
 339167002
-1183336512
1016.409424
26.479166
24963
339166590
-1183337104
 339166988
-1183336512
1016.409424
26.479166
24963
339166590
-1183337104
 339166966
-1183336491
1016.409424
26.479166
24963
339166590
-1183337104
 339166934
-1183336459
1016.409424
26.479166
24963
339166590
-1183337104
 339166934
-1183336419
1016.409424
26.479166
24963
339166590
-1183337104
 339166934
-1183336419
1016.409424
26.479166
24963
339166590
-1183337104
 339166917
-1183336424
1016.409424
26.479166
24963
339166590
-1183337104
 339166920
-1183336406
1016.409424
26.479166
24963
339166590
-1183337104
 339166920
-1183336402
1016.409424
26.479166
24963
339166590
-1183337104
 339166948
-1183336402
1016.409424
26.479166
24963
339166590
-1183337104
 339166915
-1183336454
1016.409424
26.479166
24963
339166590
-1183337104
 339166895
-1183336446
1016.409424
26.479166
24963
339166590
-1183337104
 339166895
-1183336480
1016.409424
26.479166
24963
339166590
-1183337104
 339166854
-1183336480
1016.409424
26.479166
24963
339166590
-1183337104
 339166827
-1183336497
1016.409424
26.479166
24963
339166590
-1183337104
 339166827
-1183336533
1016.409424
26.479166
24963
339166590
-1183337104
 339166781
-1183336533
1016.409424
26.479166
24963
339166590
-1183337104
 339166764
-1183336559
1016.409424
26.479166
24963
339166590
-1183337104
 339166747
-1183336560
1016.409424
26.479166
24963
339166590
-1183337104
 339166747
-1183336573
1016.409424
26.479166
24963
339166590
-1183337104
 339166711
-1183336573
1016.409424
26.479166
24963
339166590
-1183337104
 339166653
-1183336574
1016.409424
26.479166
24963
339166590
-1183337104
 339166653
-1183336597
1016.409424
26.479166
24963
339166590
-1183337104
 339166632
-1183336597
1016.409424
26.479166
24963
339166590
-1183337104
 339166614
-1183336601
1016.409424
26.479166
24963
339166590
-1183337104
 339166575
-1183336621
1016.409424
26.479166
24963
339166590
-1183337104
 339166575
-1183336625
1016.409424
26.479166
24963
339166590
-1183337104
 339166556
-1183336625
1016.409424
26.479166
24963
339166590
-1183337104
 339166549
-1183336650
1016.409424
26.479166
24963
339166590
-1183337104
 339166528
-1183336671
1016.409424
26.479166
24963
339166590
-1183337104
 339166528
-1183336695
1016.409424
26.479166
24963
339166590
-1183337104
 339166516
-1183336695
1016.409424
26.479166
24963
339166590
-1183337104
 339166531
-1183336680
1016.409424
26.479166
24963
339166590
-1183337104
 339166530
-1183336709
1016.409424
26.479166
24963
339166590
-1183337104
 339166530
-1183336722
1016.409424
26.479166
24963
339166590
-1183337104
 339166538
-1183336722
1016.409424
26.479166
24963
339166590
-1183337104
 339166537
-1183336765
1016.409424
26.479166
24963
339166590
-1183337104
 339166537
-1183336783
1016.409424
26.479166
24963
339166590
-1183337104
 339166537
-1183336783
1016.409424
26.479166
24963
339166590
-1183337104
 339166554
-1183336770
1016.409424
26.479166
24963
339166590
-1183337104
 339166575
-1183336778
1016.409424
26.479166
24963
339166590
-1183337104
 339166575
-1183336789
1016.409424
26.479166
24963
339166590
-1183337104
 339166596
-1183336789
1016.409424
26.479166
24963
339166590
-1183337104
 339166613
-1183336839
1016.409424
26.479166
24963
339166590
-1183337104
 339166613
-1183336858
1016.409424
26.479166
24963
339166590
-1183337104
 339166624
-1183336858
1016.409424
26.479166
24963
339166590
-1183337104
 339166614
-1183336905
1016.409424
26.479166
24963
339166590
-1183337104
 339166614
-1183336923
1016.409424
26.479166
24963
339166590
-1183337104
 339166611
-1183336923
1016.409424
26.479166
24963
339166590
-1183337104
 339166601
-1183336950
1016.409424
26.479166
24963
339166590
-1183337104
 339166601
-1183336952
1016.409424
26.479166
24963
339166590
-1183337104
 339166587
-1183336952
1016.409424
26.479166
24963
339166590
-1183337104
 339166558
-1183336936
1016.409424
26.479166
24963
339166590
-1183337104
 339166558
-1183336946
1016.409424
26.479166
24963
339166590
-1183337104
 339166546
-1183336946
1016.409424
26.479166
24963
339166590
-1183337104
 339166526
-1183336932
1016.409424
26.479166
24963
339166590
-1183337104
 339166513
-1183336932
1016.409424
26.479166
24963
339166590
-1183337104
 339166513
-1183336926
1016.409424
26.479166
24963
339166590
-1183337104
 339166502
-1183336926
1016.409424
26.479166
24963
339166590
-1183337104
 339166494
-1183336936
1016.409424
26.479166
24963
339166590
-1183337104
 339166474
-1183336928
1016.409424
26.479166
24963
339166590
-1183337104
 339166474
-1183336929
1016.409424
26.479166
24963
339166590
-1183337104
 339166460
-1183336929
1016.409424
26.479166
24963
339166590
-1183337104
 339166442
-1183336925
1016.409424
26.479166
24963
339166590
-1183337104
 339166435
-1183336921
1016.409424
26.479166
24963
339166590
-1183337104
 339166435
-1183336916
1016.409424
26.479166
24963
339166590
-1183337104
 339166432
-1183336916
1016.409424
26.479166
24963
339166590
-1183337104
 339166423
-1183336912
1016.409424
26.479166
24963
339166590
-1183337104
 339166413
-1183336908
1016.409424
26.479166
24963
339166590
-1183337104
 339166413
-1183336901
1016.409424
26.479166
24963
339166590
-1183337104
 339166400
-1183336901
1016.409424
26.479166
24963
339166590
-1183337104
 339166389
-1183336889
1016.409424
26.479166
24963
339166590
-1183337104
 339166372
-1183336877
1016.409424
26.479166
24963
339166590
-1183337104
 339166372
-1183336865
1016.409424
26.479166
24963
339166590
-1183337104
 339166363
-1183336865
1016.409424
26.479166
24963
339166590
-1183337104
 339166352
-1183336856
1016.409424
26.479166
24963
339166590
-1183337104
 339166338
-1183336853
1016.409424
26.479166
24963
339166590
-1183337104
 339166338
-1183336845
1016.409424
26.479166
24963
339166590
-1183337104
 339166340
-1183336845
1016.409424
26.479166
24963
339166590
-1183337104
 339166342
-1183336839
1016.409424
26.479166
24963
339166590
-1183337104
 339166342
-1183336838
1016.409424
26.479166
24963
339166590
-1183337104
 339166348
-1183336838
1016.409424
26.479166
24963
339166590
-1183337104
 339166344
-1183336830
1016.409424
26.479166
24963
339166590
-1183337104
 339166337
-1183336826
1016.409424
26.479166
24963
339166590
-1183337104
 339166337
-1183336822
1016.409424
26.479166
24963
339166590
-1183337104
 339166331
-1183336822
1016.409424
26.479166
24963
339166590
-1183337104
 339166324
-1183336826
1016.409424
26.479166
24963
339166590
-1183337104
 339166312
-1183336824
1016.409424
26.479166
24963
339166590
-1183337104
 339166312
-1183336824
1016.409424
26.479166
24963
339166590
-1183337104
 339166301
-1183336824
1016.409424
26.479166
24963
339166590
-1183337104
 339166292
-1183336816
1016.409424
26.479166
24963
339166590
-1183337104
 339166284
-1183336811
1016.409424
26.479166
24963
339166590
-1183337104
 339166284
-1183336805
1016.409424
26.479166
24963
339166590
-1183337104
 339166276
-1183336805
1016.409424
26.479166
24963
339166590
-1183337104
 339166256
-1183336794
1016.409424
26.479166
24963
339166590
-1183337104
 339166256
-1183336790
1016.409424
26.479166
24963
339166590
-1183337104
 339166255
-1183336790
1016.409424
26.479166
24963
339166590
-1183337104
 339166247
-1183336775
1016.409424
26.479166
24963
339166590
-1183337104
 339166247
-1183336792
1016.409424
26.479166
24963
339166590
-1183337104
 339166235
-1183336792
1016.409424
26.479166
24963
339166590
-1183337104
 339166214
-1183336756
1016.409424
26.479166
24963
339166590
-1183337104
 339166214
-1183336759
1016.409424
26.479166
24963
339166590
-1183337104
 339166206
-1183336759
1016.409424
26.479166
24963
339166590
-1183337104
 339166201
-1183336746
1016.409424
26.479166
24963
339166590
-1183337104
 339166201
-1183336743
1016.409424
26.479166
24963
339166590
-1183337104
 339166196
-1183336743
1016.409424
26.479166
24963
339166590
-1183337104
 339166193
-1183336724
1016.409424
26.479166
24963
339166590
-1183337104
 339166193
-1183336707
1016.409424
26.479166
24963
339166590
-1183337104
 339166196
-1183336707
1016.409424
26.479166
24963
339166590
-1183337104
 339166190
-1183336671
1016.409424
26.479166
24963
339166590
-1183337104
 339166190
-1183336655
1016.409424
26.479166
24963
339166590
-1183337104
 339166188
-1183336655
1016.409424
26.479166
24963
339166590
-1183337104
 339166177
-1183336629
1016.409424
26.479166
24963
339166590
-1183337104
 339166177
-1183336635
1016.409424
26.479166
24963
339166590
-1183337104
 339166173
-1183336635
1016.409424
26.479166
24963
339166590
-1183337104
 339166173
-1183336629
1016.409424
26.479166
24963
339166590
-1183337104
 339166177
-1183336638
1016.409424
26.479166
24963
339166590
-1183337104
 339166177
-1183336641
1016.409424
26.479166
24963
339166590
-1183337104
 339166180
-1183336641
1016.409424
26.479166
24963
339166590
-1183337104
 339166185
-1183336649
1016.409424
26.479166
24963
339166590
-1183337104
 339166185
-1183336634
1016.409424
26.479166
24963
339166590
-1183337104
 339166193
-1183336634
1016.409424
26.479166
24963
339166590
-1183337104
 