339166578
-1183337154
1016.409424
26.479166
24963
339166590
-1183337104
 339166552
-1183337154
1016.409424
26.479166
24963
339166590
-1183337104
 339166552
-1183337126
1016.409424
26.479166
24963
339166590
-1183337104
 339166564
-1183337088
1016.409424
26.479166
24963
339166590
-1183337104
 339166564
-1183337089
1016.409424
26.479166
24963
339166590
-1183337104
 339166566
-1183337089
1016.409424
26.479166
24963
339166590
-1183337104
 339166547
-1183337127
1016.409424
26.479166
24963
339166590
-1183337104
 339166547
-1183337135
1016.409424
26.479166
24963
339166590
-1183337104
 339166545
-1183337135
1016.409424
26.479166
24963
339166590
-1183337104
 339166535
-1183337157
1016.409424
26.479166
24963
339166590
-1183337104
 339166535
-1183337078
1016.409424
26.479166
24963
339166590
-1183337104
 339166570
-1183337078
1016.409424
26.479166
24963
339166590
-1183337104
 339166572
-1183337062
1016.409424
26.479166
24963
339166590
-1183337104
 339166571
-1183337069
1016.409424
26.479166
24963
339166590
-1183337104
 339166571
-1183337060
1016.409424
26.479166
24963
339166590
-1183337104
 339166577
-1183337060
1016.409424
26.479166
24963
339166590
-1183337104
 339166581
-1183337069
1016.409424
26.479166
24963
339166590
-1183337104
 339166581
-1183337083
1016.409424
26.479166
24963
339166590
-1183337104
 339166581
-1183337094
1016.409424
26.479166
24963
339166590
-1183337104
 339166572
-1183337094
1016.409424
26.479166
24963
339166590
-1183337104
 339166533
-1183337088
1016.409424
26.479166
24963
339166590
-1183337104
 339166533
-1183337104
1016.409424
26.479166
24963
339166590
-1183337104
 339166521
-1183337104
1016.409424
26.479166
24963
339166590
-1183337104
 339166517
-1183337146
1016.409424
26.479166
24963
339166590
-1183337104
 339166517
-1183337143
1016.409424
26.479166
24963
339166590
-1183337104
 339166511
-1183337143
1016.409424
26.479166
24963
339166590
-1183337104
 339166502
-1183337159
1016.409424
26.479166
24963
339166590
-1183337104
 339166502
-1183337175
1016.409424
26.479166
24963
339166590
-1183337104
 339166495
-1183337175
1016.409424
26.479166
24963
339166590
-1183337104
 339166511
-1183337215
1016.409424
26.479166
24963
339166590
-1183337104
 339166511
-1183337210
1016.409424
26.479166
24963
339166590
-1183337104
 339166520
-1183337210
1016.409424
26.479166
24963
339166590
-1183337104
 339166505
-1183337215
1016.409424
26.479166
24963
339166590
-1183337104
 339166483
-1183337190
1016.409424
26.479166
24963
339166590
-1183337104
 339166483
-1183337192
1016.409424
26.479166
24963
339166590
-1183337104
 339166482
-1183337192
1016.409424
26.479166
24963
339166590
-1183337104
 339166499
-1183337213
1016.409424
26.479166
24963
339166590
-1183337104
 339166499
-1183337229
1016.409424
26.479166
24963
339166590
-1183337104
 339166511
-1183337229
1016.409424
26.479166
24963
339166590
-1183337104
 339166507
-1183337183
1016.409424
26.479166
24963
339166590
-1183337104
 339166507
-1183337205
1016.409424
26.479166
24963
339166590
-1183337104
 339166491
-1183337205
1016.409424
26.479166
24963
339166590
-1183337104
 339166460
-1183337199
1016.409424
26.479166
24963
339166590
-1183337104
 339166460
-1183337174
1016.409424
26.479166
24963
339166590
-1183337104
 339166447
-1183337174
1016.409424
26.479166
24963
339166590
-1183337104
 339166415
-1183337121
1016.409424
26.479166
24963
339166590
-1183337104
 339166415
-1183337114
1016.409424
26.479166
24963
339166590
-1183337104
 339166427
-1183337114
1016.409424
26.479166
24963
339166590
-1183337104
 339166437
-1183337020
1016.409424
26.479166
24963
339166590
-1183337104
 339166437
-1183337016
1016.409424
26.479166
24963
339166590
-1183337104
 339166422
-1183337016
1016.409424
26.479166
24963
339166590
-1183337104
 339166421
-1183337028
1016.409424
26.479166
24963
339166590
-1183337104
 339166421
-1183337039
1016.409424
26.479166
24963
339166590
-1183337104
 339166425
-1183337039
1016.409424
26.479166
24963
339166590
-1183337104
 339166380
-1183337013
1016.409424
26.479166
24963
339166590
-1183337104
 339166380
-1183337002
1016.409424
26.479166
24963
339166590
-1183337104
 339166363
-1183337002
1016.409424
26.479166
24963
339166590
-1183337104
 339166359
-1183336985
1016.409424
26.479166
24963
339166590
-1183337104
 339166347
-1183336987
1016.409424
26.479166
24963
339166590
-1183337104
 339166347
-1183336973
1016.409424
26.479166
24963
339166590
-1183337104
 339166352
-1183336973
1016.409424
26.479166
24963
339166590
-1183337104
 339166355
-1183336993
1016.409424
26.479166
24963
339166590
-1183337104
 339166355
-1183336977
1016.409424
26.479166
24963
339166590
-1183337104
 339166364
-1183336977
1016.409424
26.479166
24963
339166590
-1183337104
 339166377
-1183336909
1016.409424
26.479166
24963
339166590
-1183337104
 339166377
-1183336876
1016.409424
26.479166
24963
339166590
-1183337104
 339166398
-1183336876
1016.409424
26.479166
24963
339166590
-1183337104
 339166425
-1183336839
1016.409424
26.479166
24963
339166590
-1183337104
 339166425
-1183336815
1016.409424
26.479166
24963
339166590
-1183337104
 339166478
-1183336815
1016.409424
26.479166
24963
339166590
-1183337104
 339166478
-1183336858
1016.409424
26.479166
24963
339166590
-1183337104
 339166521
-1183336832
1016.409424
26.479166
24963
339166590
-1183337104
 339166521
-1183336837
1016.409424
26.479166
24963
339166590
-1183337104
 339166538
-1183336837
1016.409424
26.479166
24963
339166590
-1183337104
 339166539
-1183336831
1016.409424
26.479166
24963
339166590
-1183337104
 339166563
-1183336830
1016.409424
26.479166
24963
339166590
-1183337104
 339166563
-1183336838
1016.409424
26.479166
24963
339166590
-1183337104
 339166554
-1183336838
1016.409424
26.479166
24963
339166590
-1183337104
 339166551
-1183336854
1016.409424
26.479166
24963
339166590
-1183337104
 339166551
-1183336828
1016.409424
26.479166
24963
339166590
-1183337104
 339166573
-1183336828
1016.409424
26.479166
24963
339166590
-1183337104
 339166591
-1183336796
1016.409424
26.479166
24963
339166590
-1183337104
 339166613
-1183336749
1016.409424
26.479166
24963
339166590
-1183337104
 339166613
-1183336742
1016.409424
26.479166
24963
339166590
-1183337104
 339166613
-1183336742
1016.409424
26.479166
24963
339166590
-1183337104
 339166595
-1183336764
1016.409424
26.479166
24963
339166590
-1183337104
 339166591
-1183336765
1016.409424
26.479166
24963
339166590
-1183337104
 339166591
-1183336790
1016.409424
26.479166
24963
339166590
-1183337104
 339166576
-1183336790
1016.409424
26.479166
24963
339166590
-1183337104
 339166591
-1183336762
1016.409424
26.479166
24963
339166590
-1183337104
 339166606
-1183336757
1016.409424
26.479166
24963
339166590
-1183337104
 339166606
-1183336764
1016.409424
26.479166
24963
339166590
-1183337104
 339166610
-1183336764
1016.409424
26.479166
24963
339166590
-1183337104
 339166622
-1183336730
1016.409424
26.479166
24963
339166590
-1183337104
 339166622
-1183336722
1016.409424
26.479166
24963
339166590
-1183337104
 339166641
-1183336722
1016.409424
26.479166
24963
339166590
-1183337104
 339166651
-1183336672
1016.409424
26.479166
24963
339166590
-1183337104
 339166651
-1183336678
1016.409424
26.479166
24963
339166590
-1183337104
 339166665
-1183336678
1016.409424
26.479166
24963
339166590
-1183337104
 339166699
-1183336677
1016.409424
26.479166
24963
339166590
-1183337104
 339166683
-1183336664
1016.409424
26.479166
24963
339166590
-1183337104
 339166683
-1183336691
1016.409424
26.479166
24963
339166590
-1183337104
 339166721
-1183336691
1016.409424
26.479166
24963
339166590
-1183337104
 339166702
-1183336635
1016.409424
26.479166
24963
339166590
-1183337104
 339166702
-1183336589
1016.409424
26.479166
24963
339166590
-1183337104
 339166710
-1183336589
1016.409424
26.479166
24963
339166590
-1183337104
 339166728
-1183336529
1016.409424
26.479166
24963
339166590
-1183337104
 339166700
-1183336507
1016.409424
26.479166
24963
339166590
-1183337104
 339166700
-1183336515
1016.409424
26.479166
24963
339166590
-1183337104
 339166704
-1183336515
1016.409424
26.479166
24963
339166590
-1183337104
 339166735
-1183336448
1016.409424
26.479166
24963
339166590
-1183337104
 339166735
-1183336438
1016.409424
26.479166
24963
339166590
-1183337104
 339166739
-1183336438
1016.409424
26.479166
24963
339166590
-1183337104
 339166769
-1183336399
1016.409424
26.479166
24963
339166590
-1183337104
 339166769
-1183336398
1016.409424
26.479166
24963
339166590
-1183337104
 339166782
-1183336398
1016.409424
26.479166
24963
339166590
-1183337104
 339166798
-1183336359
1016.409424
26.479166
24963
339166590
-1183337104
 339166784
-1183336380
1016.409424
26.479166
24963
339166590
-1183337104
 339166784
-1183336394
1016.409424
26.479166
24963
339166590
-1183337104
 339166771
-1183336394
1016.409424
26.479166
24963
339166590
-1183337104
 339166753
-1183336397
1016.409424
26.479166
24963
339166590
-1183337104
 339166753
-1183336405
1016.409424
26.479166
24963
339166590
-1183337104
 339166743
-1183336405
1016.409424
26.479166
24963
339166590
-1183337104
 339166713
-1183336313
1016.409424
26.479166
24963
339166590
-1183337104
 339166713
-1183336282
1016.409424
26.479166
24963
339166590
-1183337104
 339166717
-1183336282
1016.409424
26.479166
24963
339166590
-1183337104
 339166675
-1183336302
1016.409424
26.479166
24963
339166590
-1183337104
 339166681
-1183336340
1016.409424
26.479166
24963
339166590
-1183337104
 339166681
-1183336277
1016.409424
26.479166
24963
339166590
-1183337104
 339166692
-1183336277
1016.409424
26.479166
24963
339166590
-1183337104
 339166685
-1183336291
1016.409424
26.479166
24963
339166590
-1183337104
 339166707
-1183336267
1016.409424
26.479166
24963
339166590
-1183337104
 339166707
-1183336238
1016.409424
26.479166
24963
339166590
-1183337104
 339166711
-1183336238
1016.409424
26.479166
24963
339166590
-1183337104
 339166697
-1183336203
1016.409424
26.479166
24963
339166590
-1183337104
 339166697
-1183336232
1016.409424
26.479166
24963
339166590
-1183337104
 339166703
-1183336232
1016.409424
26.479166
24963
339166590
-1183337104
 339166670
-1183336288
1016.409424
26.479166
24963
339166590
-1183337104
 339166645
-1183336248
1016.409424
26.479166
24963
339166590
-1183337104
 339166645
-1183336258
1016.409424
26.479166
24963
339166590
-1183337104
 339166644
-1183336258
1016.409424
26.479166
24963
339166590
-1183337104
 339166629
-1183336257
1016.409424
26.479166
24963
339166590
-1183337104
 339166629
-1183336295
1016.409424
26.479166
24963
339166590
-1183337104
 339166614
-1183336295
1016.409424
26.479166
24963
339166590
-1183337104
 339166619
-1183336318
1016.409424
26.479166
24963
339166590
-1183337104
 339166617
-1183336333
1016.409424
26.479166
24963
339166590
-1183337104
 339166617
-1183336342
1016.409424
26.479166
24963
339166590
-1183337104
 339166633
-1183336342
1016.409424
26.479166
24963
339166590
-1183337104
 339166667
-1183336271
1016.409424
26.479166
24963
339166590
-1183337104
 339166667
-1183336318
1016.409424
26.479166
24963
339166590
-1183337104
 339166667
-1183336318
1016.409424
26.479166
24963
339166590
-1183337104
 339166670
-1183336229
1016.409424
26.479166
24963
339166590
-1183337104
 339166670
-1183336195
1016.409424
26.479166
24963
339166590
-1183337104
 339166666
-1183336195
1016.409424
26.479166
24963
339166590
-1183337104
 339166665
-1183336166
1016.409424
26.479166
24963
339166590
-1183337104
 339166668
-1183336140
1016.409424
26.479166
24963
339166590
-1183337104
 339166668
-1183336133
1016.409424
26.479166
24963
339166590
-1183337104
 339166656
-1183336133
1016.409424
26.479166
24963
339166590
-1183337104
 339166659
-1183336130
1016.409424
26.479166
24963
339166590
-1183337104
 339166661
-1183336130
1016.409424
26.479166
24963
339166590
-1183337104
 339166661
-1183336202
1016.409424
26.479166
24963
339166590
-1183337104
 339166651
-1183336202
1016.409424
26.479166
24963
339166590
-1183337104
 339166630
-1183336117
1016.409424
26.479166
24963
339166590
-1183337104
 339166630
-1183336139
1016.409424
26.479166
24963
339166590
-1183337104
 339166617
-1183336139
1016.409424
26.479166
24963
339166590
-1183337104
 339166612
-1183336115
1016.409424
26.479166
24963
339166590
-1183337104
 339166602
-1183336143
1016.409424
26.479166
24963
339166590
-1183337104
 339166602
-1183336127
1016.409424
26.479166
24963
339166590
-1183337104
 339166592
-1183336127
1016.409424
26.479166
24963
339166590
-1183337104
 339166577
-1183336233
1016.409424
26.479166
24963
339166590
-1183337104
 339166577
-1183336251
1016.409424
26.479166
24963
339166590
-1183337104
 339166568
-1183336251
1016.409424
26.479166
24963
339166590
-1183337104
 339166562
-1183336376
1016.409424
26.479166
24963
339166590
-1183337104
 339166562
-1183336401
1016.409424
26.479166
24963
339166590
-1183337104
 339166549
-1183336401
1016.409424
26.479166
24963
339166590
-1183337104
 339166562
-1183336463
1016.409424
26.479166
24963
339166590
-1183337104
 339166562
-1183336519
1016.409424
26.479166
24963
339166590
-1183337104
 339166580
-1183336519
1016.409424
26.479166
24963
339166590
-1183337104
 339166588
-1183336548
1016.409424
26.479166
24963
339166590
-1183337104
 339166604
-1183336591
1016.409424
26.479166
24963
339166590
-1183337104
 339166604
-1183336630
1016.409424
26.479166
24963
339166590
-1183337104
 339166609
-1183336630
1016.409424
26.479166
24963
339166590
-1183337104
 339166598
-1183336722
1016.409424
26.479166
24963
339166590
-1183337104
 339166598
-1183336784
1016.409424
26.479166
24963
339166590
-1183337104
 339166592
-1183336784
1016.409424
26.479166
24963
339166590
-1183337104
 339166611
-1183336813
1016.409424
26.479166
24963
339166590
-1183337104
 339166615
-1183336843
1016.409424
26.479166
24963
339166590
-1183337104
 339166615
-1183336913
1016.409424
26.479166
24963
339166590
-1183337104
 339166592
-1183336913
1016.409424
26.479166
24963
339166590
-1183337104
 339166583
-1183337034
1016.409424
26.479166
24963
339166590
-1183337104
 339166583
-1183337070
1016.409424
26.479166
24963
339166590
-1183337104
 339166597
-1183337070
1016.409424
26.479166
24963
339166590
-1183337104
 339166604
-1183337093
1016.409424
26.479166
24963
339166590
-1183337104
 339166611
-1183337108
1016.409424
26.479166
24963
339166590
-1183337104
 339166611
-1183337122
1016.409424
26.479166
24963
339166590
-1183337104
 339166614
-1183337122
1016.409424
26.479166
24963
339166590
-1183337104
 339166603
-1183337161
1016.409424
26.479166
24963
339166590
-1183337104
 339166603
-1183337216
1016.409424
26.479166
24963
339166590
-1183337104
 339166633
-1183337216
1016.409424
26.479166
24963
339166590
-1183337104
 339166633
-1183337241
1016.409424
26.479166
24963
339166590
-1183337104
 339166631
-1183337215
1016.409424
26.479166
24963
339166590
-1183337104
 339166631
-1183337236
1016.409424
26.479166
24963
339166590
-1183337104
 339166617
-1183337236
1016.409424
26.479166
24963
339166590
-1183337104
 339166588
-1183337227
1016.409424
26.479166
24963
339166590
-1183337104
 339166588
-1183337264
1016.409424
26.479166
24963
339166590
-1183337104
 339166619
-1183337264
1016.409424
26.479166
24963
339166590
-1183337104
 339166656
-1183337250
1016.409424
26.479166
24963
339166590
-1183337104
 339166656
-1183337270
1016.409424
26.479166
24963
339166590
-1183337104
 339166648
-1183337270
1016.409424
26.479166
24963
339166590
-1183337104
 339166614
-1183337330
1016.409424
26.479166
24963
339166590
-1183337104
 339166614
-1183337356
1016.409424
26.479166
24963
339166590
-1183337104
 339166622
-1183337356
1016.409424
26.479166
24963
339166590
-1183337104
 339166607
-1183337363
1016.409424
26.479166
24963
339166590
-1183337104
 339166607
-1183337373
1016.409424
26.479166
24963
339166590
-1183337104
 339166642
-1183337373
1016.409424
26.479166
24963
339166590
-1183337104
 339166683
-1183337427
1016.409424
26.479166
24963
339166590
-1183337104
 339166683
-1183337403
1016.409424
26.479166
24963
339166590
-1183337104
 339166674
-1183337403
1016.409424
26.479166
24963
339166590
-1183337104
 339166692
-1183337372
1016.409424
26.479166
24963
339166590
-1183337104
 339166692
-1183337400
1016.409424
26.479166
24963
339166590
-1183337104
 339166746
-1183337400
1016.409424
26.479166
24963
339166590
-1183337104
 339166785
-1183337464
1016.409424
26.479166
24963
339166590
-1183337104
 339166813
-1183337483
1016.409424
26.479166
24963
339166590
-1183337104
 339166813
-1183337442
1016.409424
26.479166
24963
339166590
-1183337104
 339166791
-1183337442
1016.409424
26.479166
24963
339166590
-1183337104
 339166750
-1183337359
1016.409424
26.479166
24963
339166590
-1183337104
 339166750
-1183337337
1016.409424
26.479166
24963
339166590
-1183337104
 339166733
-1183337337
1016.409424
26.479166
24963
339166590
-1183337104
 339166715
-1183337332
1016.409424
26.479166
24963
339166590
-1183337104
 339166692
-1183337296
1016.409424
26.479166
24963
339166590
-1183337104
 339166692
-1183337287
1016.409424
26.479166
24963
339166590
-1183337104
 339166655
-1183337287
1016.409424
26.479166
24963
339166590
-1183337104
 339166671
-1183337245
1016.409424
26.479166
24963
339166590
-1183337104
 339166688
-1183337236
1016.409424
26.479166
24963
339166590
-1183337104
 339166688
-1183337270
1016.409424
26.479166
24963
339166590
-1183337104
 339166701
-1183337270
1016.409424
26.479166
24963
339166590
-1183337104
 339166712
-1183337351
1016.409424
26.479166
24963
339166590
-1183337104
 339166733
-1183337348
1016.409424
26.479166
24963
339166590
-1183337104
 339166733
-1183337308
1016.409424
26.479166
24963
339166590
-1183337104
 339166736
-1183337308
1016.409424
26.479166
24963
339166590
-1183337104
 339166734
-1183337324
1016.409424
26.479166
24963
339166590
-1183337104
 339166734
-1183337316
1016.409424
26.479166
24963
339166590
-1183337104
 339166739
-1183337316
1016.409424
26.479166
24963
339166590
-1183337104
 339166737
-1183337286
1016.409424
26.479166
24963
339166590
-1183337104
 339166737
-1183337279
1016.409424
26.479166
24963
339166590
-1183337104
 339166745
-1183337279
1016.409424
26.479166
24963
339166590
-1183337104
 339166743
-1183337290
1016.409424
26.479166
24963
339166590
-1183337104
 339166728
-1183337286
1016.409424
26.479166
24963
339166590
-1183337104
 339166728
-1183337271
1016.409424
26.479166
24963
339166590
-1183337104
 339166740
-1183337271
1016.409424
26.479166
24963
339166590
-1183337104
 339166735
-1183337275
1016.409424
26.479166
24963
339166590
-1183337104
 339166735
-1183337271
1016.409424
26.479166
24963
339166590
-1183337104
 339166723
-1183337271
1016.409424
26.479166
24963
339166590
-1183337104
 339166717
-1183337236
1016.409424
26.479166
24963
339166590
-1183337104
 339166717
-1183337245
1016.409424
26.479166
24963
339166590
-1183337104
 339166713
-1183337245
1016.409424
26.479166
24963
339166590
-1183337104
 339166718
-1183337207
1016.409424
26.479166
24963
339166590
-1183337104
 339166711
-1183337201
1016.409424
26.479166
24963
339166590
-1183337104
 339166711
-1183337164
1016.409424
26.479166
24963
339166590
-1183337104
 339166698
-1183337164
1016.409424
26.479166
24963
339166590
-1183337104
 339166693
-1183337216
1016.409424
26.479166
24963
339166590
-1183337104
 339166693
-1183337226
1016.409424
26.479166
24963
339166590
-1183337104
 339166685
-1183337226
1016.409424
26.479166
24963
339166590
-1183337104
 339166664
-1183337223
1016.409424
26.479166
24963
339166590
-1183337104
 339166693
-1183337227
1016.409424
26.479166
24963
339166590
-1183337104
 339166693
-1183337223
1016.409424
26.479166
24963
339166590
-1183337104
 339166701
-1183337223
1016.409424
26.479166
24963
339166590
-1183337104
 339166717
-1183337221
1016.409424
26.479166
24963
339166590
-1183337104
 339166710
-1183337253
1016.409424
26.479166
24963
339166590
-1183337104
 339166710
-1183337260
1016.409424
26.479166
24963
339166590
-1183337104
 339166702
-1183337260
1016.409424
26.479166
24963
339166590
-1183337104
 339166701
-1183337286
1016.409424
26.479166
24963
339166590
-1183337104
 339166706
-1183337256
1016.409424
26.479166
24963
339166590
-1183337104
 339166706
-1183337260
1016.409424
26.479166
24963
339166590
-1183337104
 339166728
-1183337260
1016.409424
26.479166
24963
339166590
-1183337104
 339166747
-1183337258
1016.409424
26.479166
24963
339166590
-1183337104
 339166768
-1183337295
1016.409424
26.479166
24963
339166590
-1183337104
 339166768
-1183337276
1016.409424
26.479166
24963
339166590
-1183337104
 339166805
-1183337276
1016.409424
26.479166
24963
339166590
-1183337104
 339166879
-1183337256
1016.409424
26.479166
24963
339166590
-1183337104
 339166879
-1183337241
1016.409424
26.479166
24963
339166590
-1183337104
 339166885
-1183337241
1016.409424
26.479166
24963
339166590
-1183337104
 339166937
-1183337165
1016.409424
26.479166
24963
339166590
-1183337104
 339166937
-1183337145
1016.409424
26.479166
24963
339166590
-1183337104
 339166952
-1183337145
1016.409424
26.479166
24963
339166590
-1183337104
 339166962
-1183337102
1016.409424
26.479166
24963
339166590
-1183337104
 339166962
-1183337115
1016.409424
26.479166
24963
339166590
-1183337104
 339166963
-1183337115
1016.409424
26.479166
24963
339166590
-1183337104
 339166978
-1183337057
1016.409424
26.479166
24963
339166590
-1183337104
 339166978
-1183337063
1016.409424
26.479166
24963
339166590
-1183337104
 339166979
-1183337063
1016.409424
26.479166
24963
339166590
-1183337104
 339166971
-1183337058
1016.409424
26.479166
24963
339166590
-1183337104
 339166984
-1183337047
1016.409424
26.479166
24963
339166590
-1183337104
 339166984
-1183337012
1016.409424
26.479166
24963
339166590
-1183337104
 339167007
-1183337012
1016.409424
26.479166
24963
339166590
-1183337104
 339167023
-1183336989
1016.409424
26.479166
24963
339166590
-1183337104
 339167037
-1183336944
1016.409424
26.479166
24963
339166590
-1183337104
 339167037
-1183336968
1016.409424
26.479166
24963
339166590
-1183337104
 339167021
-1183336968
1016.409424
26.479166
24963
339166590
-1183337104
 339167050
-1183336892
1016.409424
26.479166
24963
339166590
-1183337104
 339167050
-1183336849
1016.409424
26.479166
24963
339166590
-1183337104
 339167051
-1183336849
1016.409424
26.479166
24963
339166590
-1183337104
 339167070
-1183336837
1016.409424
26.479166
24963
339166590
-1183337104
 339167070
-1183336825
1016.409424
26.479166
24963
339166590
-1183337104
 339167049
-1183336825
1016.409424
26.479166
24963
339166590
-1183337104
 339167030
-1183336815
1016.409424
26.479166
24963
339166590
-1183337104
 339167030
-1183336780
1016.409424
26.479166
24963
339166590
-1183337104
 339167043
-1183336780
1016.409424
26.479166
24963
339166590
-1183337104
 339167086
-1183336745
1016.409424
26.479166
24963
339166590
-1183337104
 339167086
-1183336710
1016.409424
26.479166
24963
339166590
-1183337104
 339167120
-1183336710
1016.409424
26.479166
24963
339166590
-1183337104
 339167116
-1183336600
1016.409424
26.479166
24963
339166590
-1183337104
 339167116
-1183336550
1016.409424
26.479166
24963
339166590
-1183337104
 339167119
-1183336550
1016.409424
26.479166
24963
339166590
-1183337104
 339167144
-1183336551
1016.409424
26.479166
24963
339166590
-1183337104
 339167144
-1183336551
1016.409424
26.479166
24963
339166590
-1183337104
 339167148
-1183336551
1016.409424
26.479166
24963
339166590
-1183337104
 339167173
-1183336582
1016.409424
26.479166
24963
339166590
-1183337104
 339167173
-1183336630
1016.409424
26.479166
24963
339166590
-1183337104
 339167174
-1183336630
1016.409424
26.479166
24963
339166590
-1183337104
 339167202
-1183336640
1016.409424
26.479166
24963
339166590
-1183337104
 339167177
-1183336612
1016.409424
26.479166
24963
339166590
-1183337104
 339167177
-1183336608
1016.409424
26.479166
24963
339166590
-1183337104
 339167148
-1183336608
1016.409424
26.479166
24963
339166590
-1183337104
 339167117
-1183336606
1016.409424
26.479166
24963
339166590
-1183337104
 339167117
-1183336635
1016.409424
26.479166
24963
339166590
-1183337104
 339167082
-1183336635
1016.409424
26.479166
24963
339166590
-1183337104
 339167012
-1183336639
1016.409424
26.479166
24963
339166590
-1183337104
 339167012
-1183336697
1016.409424
26.479166
24963
339166590
-1183337104
 339166960
-1183336697
1016.409424
26.479166
24963
339166590
-1183337104
 339166896
-1183336732
1016.409424
26.479166
24963
339166590
-1183337104
 339166896
-1183336723
1016.409424
26.479166
24963
339166590
-1183337104
 339166865
-1183336723
1016.409424
26.479166
24963
339166590
-1183337104
 339166817
-1183336745
1016.409424
26.479166
24963
339166590
-1183337104
 339166786
-1183336772
1016.409424
26.479166
24963
339166590
-1183337104
 339166786
-1183336783
1016.409424
26.479166
24963
339166590
-1183337104
 339166739
-1183336783
1016.409424
26.479166
24963
339166590
-1183337104
 339166646
-1183336804
1016.409424
26.479166
24963
339166590
-1183337104
 339166646
-1183336824
1016.409424
26.479166
24963
339166590
-1183337104
 339166605
-1183336824
1016.409424
26.479166
24963
339166590
-1183337104
 339166574
-1183336830
1016.409424
26.479166
24963
339166590
-1183337104
 339166574
-1183336841
1016.409424
26.479166
24963
339166590
-1183337104
 339166556
-1183336841
1016.409424
26.479166
24963
339166590
-1183337104
 339166558
-1183336872
1016.409424
26.479166
24963
339166590
-1183337104
 339166558
-1183336918
1016.409424
26.479166
24963
339166590
-1183337104
 339166553
-1183336918
1016.409424
26.479166
24963
339166590
-1183337104
 339166576
-1183336980
1016.409424
26.479166
24963
339166590
-1183337104
 339166576
-1183336998
1016.409424
26.479166
24963
339166590
-1183337104
 339166595
-1183336998
1016.409424
26.479166
24963
339166590
-1183337104
 339166633
-1183337024
1016.409424
26.479166
24963
339166590
-1183337104
 339166633
-1183337029
1016.409424
26.479166
24963
339166590
-1183337104
 339166645
-1183337029
1016.409424
26.479166
24963
339166590
-1183337104
 339166671
-1183337041
1016.409424
26.479166
24963
339166590
-1183337104
 339166671
-1183337049
1016.409424
26.479166
24963
339166590
-1183337104
 339166693
-1183337049
1016.409424
26.479166
24963
339166590
-1183337104
 339166692
-1183337072
1016.409424
26.479166
24963
339166590
-1183337104
 339166692
-1183337077
1016.409424
26.479166
24963
339166590
-1183337104
 339166681
-1183337077
1016.409424
26.479166
24963
339166590
-1183337104
 339166676
-1183337081
1016.409424
26.479166
24963
339166590
-1183337104
 339166660
-1183337086
1016.409424
26.479166
24963
339166590
-1183337104
 339166660
-1183337083
1016.409424
26.479166
24963
339166590
-1183337104
 339166653
-1183337083
1016.409424
26.479166
24963
339166590
-1183337104
 339166655
-1183337076
1016.409424
26.479166
24963
339166590
-1183337104
 339166646
-1183337081
1016.409424
26.479166
24963
339166590
-1183337104
 339166646
-1183337088
1016.409424
26.479166
24963
339166590
-1183337104
 339166646
-1183337088
1016.409424
26.479166
24963
339166590
-1183337104
 339166649
-1183337090
1016.409424
26.479166
24963
339166590
-1183337104
 339166642
-1183337099
1016.409424
26.479166
24963
339166590
-1183337104
 339166642
-1183337103
1016.409424
26.479166
24963
339166590
-1183337104
 339166639
-1183337103
1016.409424
26.479166
24963
339166590
-1183337104
 339166635
-1183337139
1016.409424
26.479166
24963
339166590
-1183337104
 339166635
-1183337147
1016.409424
26.479166
24963
339166590
-1183337104
 339166625
-1183337147
1016.409424
26.479166
24963
339166590
-1183337104
 339166620
-1183337166
1016.409424
26.479166
24963
339166590
-1183337104
 339166620
-1183337163
1016.409424
26.479166
24963
339166590
-1183337104
 339166617
-1183337163
1016.409424
26.479166
24963
339166590
-1183337104
 339166610
-1183337161
1016.409424
26.479166
24963
339166590
-1183337104
 339166610
-1183337163
1016.409424
26.479166
24963
339166590
-1183337104
 339166610
-1183337163
1016.409424
26.479166
24963
339166590
-1183337104
 339166612
-1183337170
1016.409424
26.479166
24963
339166590
-1183337104
 339166612
-1183337164
1016.409424
26.479166
24963
339166590
-1183337104
 339166612
-1183337164
1016.409424
26.479166
24963
339166590
-1183337104
 339166616
-1183337182
1016.409424
26.479166
24963
339166590
-1183337104
 339166616
-1183337210
1016.409424
26.479166
24963
339166590
-1183337104
 339166614
-1183337210
1016.409424
26.479166
24963
339166590
-1183337104
 339166595
-1183337236
1016.409424
26.479166
24963
339166590
-1183337104
 339166595
-1183337246
1016.409424
26.479166
24963
339166590
-1183337104
 339166580
-1183337246
1016.409424
26.479166
24963
339166590
-1183337104
 339166574
-1183337250
1016.409424
26.479166
24963
339166590
-1183337104
 339166568
-1183337245
1016.409424
26.479166
24963
339166590
-1183337104
 339166568
-1183337242
1016.409424
26.479166
24963
339166590
-1183337104
 339166569
-1183337242
1016.409424
26.479166
24963
339166590
-1183337104
 339166569
-1183337230
1016.409424
26.479166
24963
339166590
-1183337104
 339166569
-1183337216
1016.409424
26.479166
24963
339166590
-1183337104
 339166568
-1183337216
1016.409424
26.479166
24963
339166590
-1183337104
 339166575
-1183337195
1016.409424
26.479166
24963
339166590
-1183337104
 339166575
-1183337182
1016.409424
26.479166
24963
339166590
-1183337104
 339166578
-1183337182
1016.409424
26.479166
24963
339166590
-1183337104
 339166582
-1183337178
1016.409424
26.479166
24963
339166590
-1183337104
 339166589
-1183337176
1016.409424
26.479166
24963
339166590
-1183337104
 339166589
-1183337181
1016.409424
26.479166
24963
339166590
-1183337104
 339166590
-1183337181
1016.409424
26.479166
24963
339166590
-1183337104
 339166601
-1183337175
1016.409424
26.479166
24963
339166590
-1183337104
 339166601
-1183337161
1016.409424
26.479166
24963
339166590
-1183337104
 339166608
-1183337161
1016.409424
26.479166
24963
339166590
-1183337104
 339166616
-1183337154
1016.409424
26.479166
24963
339166590
-1183337104
 339166625
-1183337157
1016.409424
26.479166
24963
339166590
-1183337104
 339166625
-1183337155
1016.409424
26.479166
24963
339166590
-1183337104
 339166627
-1183337155
1016.409424
26.479166
24963
339166590
-1183337104
 339166631
-1183337145
1016.409424
26.479166
24963
339166590
-1183337104
 339166631
-1183337138
1016.409424
26.479166
24963
339166590
-1183337104
 339166637
-1183337138
1016.409424
26.479166
24963
339166590
-1183337104
 339166635
-1183337145
1016.409424
26.479166
24963
339166590
-1183337104
 339166635
-1183337160
1016.409424
26.479166
24963
339166590
-1183337104
 339166633
-1183337160
1016.409424
26.479166
24963
339166590
-1183337104
 339166632
-1183337169
1016.409424
26.479166
24963
339166590
-1183337104
 339166632
-1183337174
1016.409424
26.479166
24963
339166590
-1183337104
 339166634
-1183337174
1016.409424
26.479166
24963
339166590
-1183337104
 339166645
-1183337160
1016.409424
26.479166
24963
339166590
-1183337104
 339166645
-1183337152
1016.409424
26.479166
24963
339166590
-1183337104
 339166647
-1183337152
1016.409424
26.479166
24963
339166590
-1183337104
 339166647
-1183337147
1016.409424
26.479166
24963
339166590
-1183337104
 339166651
-1183337129
1016.409424
26.479166
24963
339166590
-1183337104
 339166651
-1183337150
1016.409424
26.479166
24963
339166590
-1183337104
 339166662
-1183337150
1016.409424
26.479166
24963
339166590
-1183337104
 339166642
-1183337115
1016.409424
26.479166
24963
339166590
-1183337104
 339166641
-1183337102
1016.409424
26.479166
24963
339166590
-1183337104
 339166641
-1183337072
1016.409424
26.479166
24963
339166590
-1183337104
 339166642
-1183337072
1016.409424
26.479166
24963
339166590
-1183337104
 339166645
-1183337063
1016.409424
26.479166
24963
339166590
-1183337104
 339166651
-1183337048
1016.409424
26.479166
24963
339166590
-1183337104
 339166651
-1183337031
1016.409424
26.479166
24963
339166590
-1183337104
 339166657
-1183337031
1016.409424
26.479166
24963
339166590
-1183337104
 339166702
-1183337068
1016.409424
26.479166
24963
339166590
-1183337104
 339166702
-1183337069
1016.409424
26.479166
24963
339166590
-1183337104
 339166717
-1183337069
1016.409424
26.479166
24963
339166590
-1183337104
 339166755
-1183337099
1016.409424
26.479166
24963
339166590
-1183337104
 339166755
-1183337098
1016.409424
26.479166
24963
339166590
-1183337104
 339166752
-1183337098
1016.409424
26.479166
24963
339166590
-1183337104
 339166763
-1183337098
1016.409424
26.479166
24963
339166590
-1183337104
 339166782
-1183337085
1016.409424
26.479166
24963
339166590
-1183337104
 339166782
-1183337087
1016.409424
26.479166
24963
339166590
-1183337104
 339166788
-1183337087
1016.409424
26.479166
24963
339166590
-1183337104
 339166774
-1183337080
1016.409424
26.479166
24963
339166590
-1183337104
 339166784
-1183337078
1016.409424
26.479166
24963
339166590
-1183337104
 339166784
-1183337072
1016.409424
26.479166
24963
339166590
-1183337104
 339166783
-1183337072
1016.409424
26.479166
24963
339166590
-1183337104
 339166780
-1183337078
1016.409424
26.479166
24963
339166590
-1183337104
 339166772
-1183337066
1016.409424
26.479166
24963
339166590
-1183337104
 339166772
-1183337078
1016.409424
26.479166
24963
339166590
-1183337104
 339166784
-1183337078
1016.409424
26.479166
24963
339166590
-1183337104
 339166775
-1183337073
1016.409424
26.479166
24963
339166590
-1183337104
 339166775
-1183337073
1016.409424
26.479166
24963
339166590
-1183337104
 339166784
-1183337073
1016.409424
26.479166
24963
339166590
-1183337104
 339166790
-1183337063
1016.409424
26.479166
24963
339166590
-1183337104
 339166790
-1183337062
1016.409424
26.479166
24963
339166590
-1183337104
 339166790
-1183337062
1016.409424
26.479166
24963
339166590
-1183337104
 339166815
-1183337062
1016.409424
26.479166
24963
339166590
-1183337104
 339166818
-1183337008
1016.409424
26.479166
24963
339166590
-1183337104
 339166818
-1183336906
1016.409424
26.479166
24963
339166590
-1183337104
 339166823
-1183336906
1016.409424
26.479166
24963
339166590
-1183337104
 339166840
-1183336882
1016.409424
26.479166
24963
339166590
-1183337104
 339166840
-1183336847
1016.409424
26.479166
24963
339166590
-1183337104
 339166812
-1183336847
1016.409424
26.479166
24963
339166590
-1183337104
 339166780
-1183336846
1016.409424
26.479166
24963
339166590
-1183337104
 339166780
-1183336859
1016.409424
26.479166
24963
339166590
-1183337104
 339166776
-1183336859
1016.409424
26.479166
24963
339166590
-1183337104
 339166777
-1183336849
1016.409424
26.479166
24963
339166590
-1183337104
 339166777
-1183336833
1016.409424
26.479166
24963
339166590
-1183337104
 339166770
-1183336833
1016.409424
26.479166
24963
339166590
-1183337104
 339166770
-1183336829
1016.409424
26.479166
24963
339166590
-1183337104
 339166757
-1183336819
1016.409424
26.479166
24963
339166590
-1183337104
 339166757
-1183336813
1016.409424
26.479166
24963
339166590
-1183337104
 339166756
-1183336813
1016.409424
26.479166
24963
339166590
-1183337104
 339166754
-1183336824
1016.409424
26.479166
24963
339166590
-1183337104
 339166738
-1183336834
1016.409424
26.479166
24963
339166590
-1183337104
 339166738
-1183336841
1016.409424
26.479166
24963
339166590
-1183337104
 339166732
-1183336841
1016.409424
26.479166
24963
339166590
-1183337104
 339166719
-1183336850
1016.409424
26.479166
24963
339166590
-1183337104
 339166698
-1183336861
1016.409424
26.479166
24963
339166590
-1183337104
 339166698
-1183336870
1016.409424
26.479166
24963
339166590
-1183337104
 339166681
-1183336870
1016.409424
26.479166
24963
339166590
-1183337104
 339166673
-1183336873
1016.409424
26.479166
24963
339166590
-1183337104
 339166666
-1183336878
1016.409424
26.479166
24963
339166590
-1183337104
 339166666
-1183336879
1016.409424
26.479166
24963
339166590
-1183337104
 339166654
-1183336879
1016.409424
26.479166
24963
339166590
-1183337104
 339166656
-1183336876
1016.409424
26.479166
24963
339166590
-1183337104
 339166642
-1183336873
1016.409424
26.479166
24963
339166590
-1183337104
 339166642
-1183336866
1016.409424
26.479166
24963
339166590
-1183337104
 339166639
-1183336866
1016.409424
26.479166
24963
339166590
-1183337104
 339166636
-1183336868
1016.409424
26.479166
24963
339166590
-1183337104
 339166619
-1183336865
1016.409424
26.479166
24963
339166590
-1183337104
 339166619
-1183336865
1016.409424
26.479166
24963
339166590
-1183337104
 339166618
-1183336865
1016.409424
26.479166
24963
339166590
-1183337104
 339166602
-1183336862
1016.409424
26.479166
24963
339166590
-1183337104
 339166602
-1183336856
1016.409424
26.479166
24963
339166590
-1183337104
 339166589
-1183336856
1016.409424
26.479166
24963
339166590
-1183337104
 339166584
-1183336852
1016.409424
26.479166
24963
339166590
-1183337104
 339166590
-1183336846
1016.409424
26.479166
24963
339166590
-1183337104
 339166590
-1183336841
1016.409424
26.479166
24963
339166590
-1183337104
 339166602
-1183336841
1016.409424
26.479166
24963
339166590
-1183337104
 339166625
-1183336846
1016.409424
26.479166
24963
339166590
-1183337104
 339166625
-1183336867
1016.409424
26.479166
24963
339166590
-1183337104
 339166622
-1183336867
1016.409424
26.479166
24963
339166590
-1183337104
 339166616
-1183336898
1016.409424
26.479166
24963
339166590
-1183337104
 339166616
-1183336921
1016.409424
26.479166
24963
339166590
-1183337104
 339166614
-1183336921
1016.409424
26.479166
24963
339166590
-1183337104
 339166617
-1183336977
1016.409424
26.479166
24963
339166590
-1183337104
 339166617
-1183337002
1016.409424
26.479166
24963
339166590
-1183337104
 339166614
-1183337002
1016.409424
26.479166
24963
339166590
-1183337104
 339166608
-1183337029
1016.409424
26.479166
24963
339166590
-1183337104
 339166608
-1183337040
1016.409424
26.479166
24963
339166590
-1183337104
 339166611
-1183337040
1016.409424
26.479166
24963
339166590
-1183337104
 339166615
-1183337071
1016.409424
26.479166
24963
339166590
-1183337104
 339166615
-1183337083
1016.409424
26.479166
24963
339166590
-1183337104
 339166609
-1183337083
1016.409424
26.479166
24963
339166590
-1183337104
 339166598
-1183337106
1016.409424
26.479166
24963
339166590
-1183337104
 339166598
-1183337118
1016.409424
26.479166
24963
339166590
-1183337104
 339166600
-1183337118
1016.409424
26.479166
24963
339166590
-1183337104
 339166593
-1183337130
1016.409424
26.479166
24963
339166590
-1183337104
 339166593
-1183337130
1016.409424
26.479166
24963
339166590
-1183337104
 339166591
-1183337130
1016.409424
26.479166
24963
339166590
-1183337104
 339166584
-1183337130
1016.409424
26.479166
24963
339166590
-1183337104
 339166584
-1183337127
1016.409424
26.479166
24963
339166590
-1183337104
 339166588
-1183337127
1016.409424
26.479166
24963
339166590
-1183337104
 339166593
-1183337120
1016.409424
26.479166
24963
339166590
-1183337104
 339166593
-1183337116
1016.409424
26.479166
24963
339166590
-1183337104
 339166595
-1183337116
1016.409424
26.479166
24963
339166590
-1183337104
 339166596
-1183337113
1016.409424
26.479166
24963
339166590
-1183337104
 339166595
-1183337108
1016.409424
26.479166
24963
339166590
-1183337104
 339166595
-1183337102
1016.409424
26.479166
24963
339166590
-1183337104
 339166585
-1183337102
1016.409424
26.479166
24963
339166590
-1183337104
 339166571
-1183337077
1016.409424
26.479166
24963
339166590
-1183337104
 339166571
-1183337070
1016.409424
26.479166
24963
339166590
-1183337104
 339166568
-1183337070
1016.409424
26.479166
24963
339166590
-1183337104
 339166558
-1183337057
1016.409424
26.479166
24963
339166590
-1183337104
 339166557
-1183337038
1016.409424
26.479166
24963
339166590
-1183337104
 339166557
-1183337024
1016.409424
26.479166
24963
339166590
-1183337104
 339166548
-1183337024
1016.409424
26.479166
24963
339166590
-1183337104
 339166543
-1183337002
1016.409424
26.479166
24963
339166590
-1183337104
 339166542
-1183336983
1016.409424
26.479166
24963
339166590
-1183337104
 339166542
-1183336952
1016.409424
26.479166
24963
339166590
-1183337104
 339166532
-1183336952
1016.409424
26.479166
24963
339166590
-1183337104
 339166521
-1183336916
1016.409424
26.479166
24963
339166590
-1183337104
 339166521
-1183336900
1016.409424
26.479166
24963
339166590
-1183337104
 339166518
-1183336900
1016.409424
26.479166
24963
339166590
-1183337104
 339166503
-1183336864
1016.409424
26.479166
24963
339166590
-1183337104
 339166503
-1183336843
1016.409424
26.479166
24963
339166590
-1183337104
 339166496
-1183336843
1016.409424
26.479166
24963
339166590
-1183337104
 339166492
-1183336832
1016.409424
26.479166
24963
339166590
-1183337104
 339166484
-1183336824
1016.409424
26.479166
24963
339166590
-1183337104
 339166484
-1183336814
1016.409424
26.479166
24963
339166590
-1183337104
 339166482
-1183336814
1016.409424
26.479166
24963
339166590
-1183337104
 339166470
-1183336810
1016.409424
26.479166
24963
339166590
-1183337104
 339166461
-1183336806
1016.409424
26.479166
24963
339166590
-1183337104
 339166461
-1183336804
1016.409424
26.479166
24963
339166590
-1183337104
 339166459
-1183336804
1016.409424
26.479166
24963
339166590
-1183337104
 339166450
-1183336805
1016.409424
26.479166
24963
339166590
-1183337104
 339166447
-1183336802
1016.409424
26.479166
24963
339166590
-1183337104
 339166447
-1183336798
1016.409424
26.479166
24963
339166590
-1183337104
 339166446
-1183336798
1016.409424
26.479166
24963
339166590
-1183337104
 339166438
-1183336792
1016.409424
26.479166
24963
339166590
-1183337104
 339166420
-1183336791
1016.409424
26.479166
24963
339166590
-1183337104
 339166420
-1183336782
1016.409424
26.479166
24963
339166590
-1183337104
 339166410
-1183336782
1016.409424
26.479166
24963
339166590
-1183337104
 339166401
-1183336777
1016.409424
26.479166
24963
339166590
-1183337104
 339166401
-1183336775
1016.409424
26.479166
24963
339166590
-1183337104
 339166393
-1183336775
1016.409424
26.479166
24963
339166590
-1183337104
 339166385
-1183336774
1016.409424
26.479166
24963
339166590
-1183337104
 339166385
-1183336779
1016.409424
26.479166
24963
339166590
-1183337104
 339166384
-1183336779
1016.409424
26.479166
24963
339166590
-1183337104
 339166382
-1183336780
1016.409424
26.479166
24963
339166590
-1183337104
 339166384
-1183336786
1016.409424
26.479166
24963
339166590
-1183337104
 339166384
-1183336794
1016.409424
26.479166
24963
339166590
-1183337104
 339166377
-1183336794
1016.409424
26.479166
24963
339166590
-1183337104
 339166375
-1183336793
1016.409424
26.479166
24963
339166590
-1183337104
 339166375
-1183336793
1016.409424
26.479166
24963
339166590
-1183337104
 339166375
-1183336788
1016.409424
26.479166
24963
339166590
-1183337104
 339166373
-1183336788
1016.409424
26.479166
24963
339166590
-1183337104
 339166371
-1183336786
1016.409424
26.479166
24963
339166590
-1183337104
 339166371
-1183336783
1016.409424
26.479166
24963
339166590
-1183337104
 339166371
-1183336783
1016.409424
26.479166
24963
339166590
-1183337104
 339166362
-1183336793
1016.409424
26.479166
24963
339166590
-1183337104
 339166362
-1183336798
1016.409424
26.479166
24963
339166590
-1183337104
 339166348
-1183336798
1016.409424
26.479166
24963
339166590
-1183337104
 339166343
-1183336801
1016.409424
26.479166
24963
339166590
-1183337104
 339166343
-1183336811
1016.409424
26.479166
24963
339166590
-1183337104
 339166341
-1183336811
1016.409424
26.479166
24963
339166590
-1183337104
 339166324
-1183336809
1016.409424
26.479166
24963
339166590
-1183337104
 339166324
-1183336817
1016.409424
26.479166
24963
339166590
-1183337104
 339166312
-1183336817
1016.409424
26.479166
24963
339166590
-1183337104
 339166296
-1183336827
1016.409424
26.479166
24963
339166590
-1183337104
 339166296
-1183336819
1016.409424
26.479166
24963
339166590
-1183337104
 339166306
-1183336819
1016.409424
26.479166
24963
339166590
-1183337104
 339166311
-1183336819
1016.409424
26.479166
24963
339166590
-1183337104
 339166319
-1183336806
1016.409424
26.479166
24963
339166590
-1183337104
 339166319
-1183336798
1016.409424
26.479166
24963
339166590
-1183337104
 339166329
-1183336798
1016.409424
26.479166
24963
339166590
-1183337104
 339166334
-1183336795
1016.409424
26.479166
24963
339166590
-1183337104
 339166333
-1183336799
1016.409424
26.479166
24963
339166590
-1183337104
 339166333
-1183336798
1016.409424
26.479166
24963
339166590
-1183337104
 339166328
-1183336798
1016.409424
26.479166
24963
339166590
-1183337104
 339166335
-1183336821
1016.409424
26.479166
24963
339166590
-1183337104
 339166335
-1183336834
1016.409424
26.479166
24963
339166590
-1183337104
 339166329
-1183336834
1016.409424
26.479166
24963
339166590
-1183337104
 339166330
-1183336849
1016.409424
26.479166
24963
339166590
-1183337104
 339166330
-1183336849
1016.409424
26.479166
24963
339166590
-1183337104
 339166333
-1183336849
1016.409424
26.479166
24963
339166590
-1183337104
 339166311
-1183336859
1016.409424
26.479166
24963
339166590
-1183337104
 339166311
-1183336871
1016.409424
26.479166
24963
339166590
-1183337104
 339166285
-1183336871
1016.409424
26.479166
24963
339166590
-1183337104
 339166279
-1183336873
1016.409424
26.479166
24963
339166590
-1183337104
 339166261
-1183336874
1016.409424
26.479166
24963
339166590
-1183337104
 339166261
-1183336874
1016.409424
26.479166
24963
339166590
-1183337104
 339166244
-1183336874
1016.409424
26.479166
24963
339166590
-1183337104
 339166235
-1183336874
1016.409424
26.479166
24963
339166590
-1183337104
 339166221
-1183336877
1016.409424
26.479166
24963
339166590
-1183337104
 339166221
-1183336882
1016.409424
26.479166
24963
339166590
-1183337104
 339166210
-1183336882
1016.409424
26.479166
24963
339166590
-1183337104
 339166194
-1183336886
1016.409424
26.479166
24963
339166590
-1183337104
 339166184
-1183336888
1016.409424
26.479166
24963
339166590
-1183337104
 339166184
-1183336892
1016.409424
26.479166
24963
339166590
-1183337104
 339166158
-1183336892
1016.409424
26.479166
24963
339166590
-1183337104
 339166005
-1183336944
1016.409424
26.479166
24963
339166590
-1183337104
 339166005
-1183336972
1016.409424
26.479166
24963
339166590
-1183337104
 339165911
-1183336972
1016.409424
26.479166
24963
339166590
-1183337104
 339165860
-1183337006
1016.409424
26.479166
24963
339166590
-1183337104
 339165860
-1183337018
1016.409424
26.479166
24963
339166590
-1183337104
 339165850
-1183337018
1016.409424
26.479166
24963
339166590
-1183337104
 339165840
-1183337032
1016.409424
26.479166
24963
339166590
-1183337104
 339165840
-1183337038
1016.409424
26.479166
24963
339166590
-1183337104
 339165819
-1183337038
1016.409424
26.479166
24963
339166590
-1183337104
 339165800
-1183337049
1016.409424
26.479166
24963
339166590
-1183337104
 339165800
-1183337054
1016.409424
26.479166
24963
339166590
-1183337104
 339165788
-1183337054
1016.409424
26.479166
24963
339166590
-1183337104
 339165790
-1183337064
1016.409424
26.479166
24963
339166590
-1183337104
 339165790
-1183337071
1016.409424
26.479166
24963
339166590
-1183337104
 339165796
-1183337071
1016.409424
26.479166
24963
339166590
-1183337104
 339165823
-1183337092
1016.409424
26.479166
24963
339166590
-1183337104
 339165823
-1183337095
1016.409424
26.479166
24963
339166590
-1183337104
 339165846
-1183337095
1016.409424
26.479166
24963
339166590
-1183337104
 339165879
-1183337101
1016.409424
26.479166
24963
339166590
-1183337104
 339165885
-1183337107
1016.409424
26.479166
24963
339166590
-1183337104
 339165885
-1183337112
1016.409424
26.479166
24963
339166590
-1183337104
 339165898
-1183337112
1016.409424
26.479166
24963
339166590
-1183337104
 339165890
-1183337112
1016.409424
26.479166
24963
339166590
-1183337104
 339165890
-1183337103
1016.409424
26.479166
24963
339166590
-1183337104
 339165882
-1183337103
1016.409424
26.479166
24963
339166590
-1183337104
 339165887
-1183337109
1016.409424
26.479166
24963
339166590
-1183337104
 339165887
-1183337102
1016.409424
26.479166
24963
339166590
-1183337104
 339165882
-1183337102
1016.409424
26.479166
24963
339166590
-1183337104
 339165884
-1183337102
1016.409424
26.479166
24963
339166590
-1183337104
 339165885
-1183337106
1016.409424
26.479166
24963
339166590
-1183337104
 339165885
-1183337097
1016.409424
26.479166
24963
339166590
-1183337104
 339165880
-1183337097
1016.409424
26.479166
24963
339166590
-1183337104
 339165867
-1183337079
1016.409424
26.479166
24963
339166590
-1183337104
 339165867
-1183337068
1016.409424
26.479166
24963
339166590
-1183337104
 339165866
-1183337068
1016.409424
26.479166
24963
339166590
-1183337104
 339165862
-1183337056
1016.409424
26.479166
24963
339166590
-1183337104
 339165862
-1183337041
1016.409424
26.479166
24963
339166590
-1183337104
 339165872
-1183337041
1016.409424
26.479166
24963
339166590
-1183337104
 339165889
-1183337030
1016.409424
26.479166
24963
339166590
-1183337104
 339165889
-1183337044
1016.409424
26.479166
24963
339166590
-1183337104
 339165894
-1183337044
1016.409424
26.479166
24963
339166590
-1183337104
 339165917
-1183337013
1016.409424
26.479166
24963
339166590
-1183337104
 339165917
-1183337014
1016.409424
26.479166
24963
339166590
-1183337104
 339165940
-1183337014
1016.409424
26.479166
24963
339166590
-1183337104
 339166001
-1183337003
1016.409424
26.479166
24963
339166590
-1183337104
 339166001
-1183337005
1016.409424
26.479166
24963
339166590
-1183337104
 339166027
-1183337005
1016.409424
26.479166
24963
339166590
-1183337104
 339166052
-1183336995
1016.409424
26.479166
24963
339166590
-1183337104
 339166077
-1183336995
1016.409424
26.479166
24963
339166590
-1183337104
 339166077
-1183336999
1016.409424
26.479166
24963
339166590
-1183337104
 339166101
-1183336999
1016.409424
26.479166
24963
339166590
-1183337104
 339166121
-1183336994
1016.409424
26.479166
24963
339166590
-1183337104
 339166161
-1183336956
1016.409424
26.479166
24963
339166590
-1183337104
 339166161
-1183336935
1016.409424
26.479166
24963
339166590
-1183337104
 339166196
-1183336935
1016.409424
26.479166
24963
339166590
-1183337104
 339166234
-1183336935
1016.409424
26.479166
24963
339166590
-1183337104
 339166234
-1183336949
1016.409424
26.479166
24963
339166590
-1183337104
 339166232
-1183336949
1016.409424
26.479166
24963
339166590
-1183337104
 339166259
-1183336939
1016.409424
26.479166
24963
339166590
-1183337104
 339166259
-1183336948
1016.409424
26.479166
24963
339166590
-1183337104
 339166274
-1183336948
1016.409424
26.479166
24963
339166590
-1183337104
 339166287
-1183336968
1016.409424
26.479166
24963
339166590
-1183337104
 339166287
-1183336973
1016.409424
26.479166
24963
339166590
-1183337104
 339166293
-1183336973
1016.409424
26.479166
24963
339166590
-1183337104
 339166312
-1183336966
1016.409424
26.479166
24963
339166590
-1183337104
 339166312
-1183336950
1016.409424
26.479166
24963
339166590
-1183337104
 339166301
-1183336950
1016.409424
26.479166
24963
339166590
-1183337104
 339166301
-1183336945
1016.409424
26.479166
24963
339166590
-1183337104
 339166308
-1183336952
1016.409424
26.479166
24963
339166590
-1183337104
 339166308
-1183336948
1016.409424
26.479166
24963
339166590
-1183337104
 339166318
-1183336948
1016.409424
26.479166
24963
339166590
-1183337104
 339166360
-1183336938
1016.409424
26.479166
24963
339166590
-1183337104
 339166360
-1183336932
1016.409424
26.479166
24963
339166590
-1183337104
 339166385
-1183336932
1016.409424
26.479166
24963
339166590
-1183337104
 339166402
-1183336914
1016.409424
26.479166
24963
339166590
-1183337104
 339166424
-1183336905
1016.409424
26.479166
24963
339166590
-1183337104
 339166424
-1183336912
1016.409424
26.479166
24963
339166590
-1183337104
 339166453
-1183336912
1016.409424
26.479166
24963
339166590
-1183337104
 339166468
-1183336918
1016.409424
26.479166
24963
339166590
-1183337104
 339166486
-1183336917
1016.409424
26.479166
24963
339166590
-1183337104
 339166486
-1183336923
1016.409424
26.479166
24963
339166590
-1183337104
 339166467
-1183336923
1016.409424
26.479166
24963
339166590
-1183337104
 339166491
-1183336939
1016.409424
26.479166
24963
339166590
-1183337104
 339166491
-1183336959
1016.409424
26.479166
24963
339166590
-1183337104
 339166495
-1183336959
1016.409424
26.479166
24963
339166590
-1183337104
 339166533
-1183336993
1016.409424
26.479166
24963
339166590
-1183337104
 339166533
-1183336993
1016.409424
26.479166
24963
339166590
-1183337104
 339166554
-1183336993
1016.409424
26.479166
24963
339166590
-1183337104
 339166577
-1183337020
1016.409424
26.479166
24963
339166590
-1183337104
 339166577
-1183337038
1016.409424
26.479166
24963
339166590
-1183337104
 339166587
-1183337038
1016.409424
26.479166
24963
339166590
-1183337104
 339166611
-1183337075
1016.409424
26.479166
24963
339166590
-1183337104
 339166611
-1183337100
1016.409424
26.479166
24963
339166590
-1183337104
 339166636
-1183337100
1016.409424
26.479166
24963
339166590
-1183337104
 339166661
-1183337117
1016.409424
26.479166
24963
339166590
-1183337104
 339166661
-1183337114
1016.409424
26.479166
24963
339166590
-1183337104
 339166672
-1183337114
1016.409424
26.479166
24963
339166590
-1183337104
 339166696
-1183337121
1016.409424
26.479166
24963
339166590
-1183337104
 339166696
-1183337125
1016.409424
26.479166
24963
339166590
-1183337104
 339166705
-1183337125
1016.409424
26.479166
24963
339166590
-1183337104
 339166682
-1183337132
1016.409424
26.479166
24963
339166590
-1183337104
 339166682
-1183337121
1016.409424
26.479166
24963
339166590
-1183337104
 339166663
-1183337121
1016.409424
26.479166
24963
339166590
-1183337104
 339166631
-1183337118
1016.409424
26.479166
24963
339166590
-1183337104
 339166631
-1183337105
1016.409424
26.479166
24963
339166590
-1183337104
 339166609
-1183337105
1016.409424
26.479166
24963
339166590
-1183337104
 339166585
-1183337105
1016.409424
26.479166
24963
339166590
-1183337104
 339166585
-1183337107
1016.409424
26.479166
24963
339166590
-1183337104
 339166586
-1183337107
1016.409424
26.479166
24963
339166590
-1183337104
 339166571
-1183337103
1016.409424
26.479166
24963
339166590
-1183337104
 339166576
-1183337108
1016.409424
26.479166
24963
339166590
-1183337104
 339166576
-1183337085
1016.409424
26.479166
24963
339166590
-1183337104
 339166543
-1183337085
1016.409424
26.479166
24963
339166590
-1183337104
 339166548
-1183337094
1016.409424
26.479166
24963
339166590
-1183337104
 339166534
-1183337087
1016.409424
26.479166
24963
339166590
-1183337104
 339166534
-1183337067
1016.409424
26.479166
24963
339166590
-1183337104
 339166494
-1183337067
1016.409424
26.479166
24963
339166590
-1183337104
 339166440
-1183337043
1016.409424
26.479166
24963
339166590
-1183337104
 339166440
-1183337026
1016.409424
26.479166
24963
339166590
-1183337104
 339166415
-1183337026
1016.409424
26.479166
24963
339166590
-1183337104
 339166378
-1183337010
1016.409424
26.479166
24963
339166590
-1183337104
 339166378
-1183337002
1016.409424
26.479166
24963
339166590
-1183337104
 339166356
-1183337002
1016.409424
26.479166
24963
339166590
-1183337104
 339166367
-1183337031
1016.409424
26.479166
24963
339166590
-1183337104
 339166367
-1183337050
1016.409424
26.479166
24963
339166590
-1183337104
 339166373
-1183337050
1016.409424
26.479166
24963
339166590
-1183337104
 339166407
-1183337109
1016.409424
26.479166
24963
339166590
-1183337104
 339166407
-1183337133
1016.409424
26.479166
24963
339166590
-1183337104
 339166404
-1183337133
1016.409424
26.479166
24963
339166590
-1183337104
 339166407
-1183337149
1016.409424
26.479166
24963
339166590
-1183337104
 339166408
-1183337156
1016.409424
26.479166
24963
339166590
-1183337104
 339166408
-1183337166
1016.409424
26.479166
24963
339166590
-1183337104
 339166407
-1183337166
1016.409424
26.479166
24963
339166590
-1183337104
 339166434
-1183337204
1016.409424
26.479166
24963
339166590
-1183337104
 339166434
-1183337218
1016.409424
26.479166
24963
339166590
-1183337104
 339166434
-1183337218
1016.409424
26.479166
24963
339166590
-1183337104
 339166419
-1183337212
1016.409424
26.479166
24963
339166590
-1183337104
 339166421
-1183337210
1016.409424
26.479166
24963
339166590
-1183337104
 339166421
-1183337209
1016.409424
26.479166
24963
339166590
-1183337104
 339166420
-1183337209
1016.409424
26.479166
24963
339166590
-1183337104
 339166421
-1183337207
1016.409424
26.479166
24963
339166590
-1183337104
 339166421
-1183337216
1016.409424
26.479166
24963
339166590
-1183337104
 339166422
-1183337216
1016.409424
26.479166
24963
339166590
-1183337104
 339166430
-1183337223
1016.409424
26.479166
24963
339166590
-1183337104
 339166430
-1183337229
1016.409424
26.479166
24963
339166590
-1183337104
 339166449
-1183337229
1016.409424
26.479166
24963
339166590
-1183337104
 339166459
-1183337250
1016.409424
26.479166
24963
339166590
-1183337104
 339166459
-1183337265
1016.409424
26.479166
24963
339166590
-1183337104
 339166465
-1183337265
1016.409424
26.479166
24963
339166590
-1183337104
 339166469
-1183337279
1016.409424
26.479166
24963
339166590
-1183337104
 339166469
-1183337280
1016.409424
26.479166
24963
339166590
-1183337104
 339166474
-1183337280
1016.409424
26.479166
24963
339166590
-1183337104
 339166477
-1183337275
1016.409424
26.479166
24963
339166590
-1183337104
 339166477
-1183337271
1016.409424
26.479166
24963
339166590
-1183337104
 339166477
-1183337271
1016.409424
26.479166
24963
339166590
-1183337104
 339166463
-1183337248
1016.409424
26.479166
24963
339166590
-1183337104
 339166463
-1183337245
1016.409424
26.479166
24963
339166590
-1183337104
 339166458
-1183337245
1016.409424
26.479166
24963
339166590
-1183337104
 339166447
-1183337220
1016.409424
26.479166
24963
339166590
-1183337104
 339166447
-1183337228
1016.409424
26.479166
24963
339166590
-1183337104
 339166435
-1183337228
1016.409424
26.479166
24963
339166590
-1183337104
 339166424
-1183337223
1016.409424
26.479166
24963
339166590
-1183337104
 339166424
-1183337195
1016.409424
26.479166
24963
339166590
-1183337104
 339166426
-1183337195
1016.409424
26.479166
24963
339166590
-1183337104
 339166425
-1183337187
1016.409424
26.479166
24963
339166590
-1183337104
 339166425
-1183337178
1016.409424
26.479166
24963
339166590
-1183337104
 339166423
-1183337178
1016.409424
26.479166
24963
339166590
-1183337104
 339166438
-1183337197
1016.409424
26.479166
24963
339166590
-1183337104
 339166438
-1183337212
1016.409424
26.479166
24963
339166590
-1183337104
 339166453
-1183337212
1016.409424
26.479166
24963
339166590
-1183337104
 339166463
-1183337229
1016.409424
26.479166
24963
339166590
-1183337104
 339166471
-1183337239
1016.409424
26.479166
24963
339166590
-1183337104
 339166471
-1183337246
1016.409424
26.479166
24963
339166590
-1183337104
 339166482
-1183337246
1016.409424
26.479166
24963
339166590
-1183337104
 339166480
-1183337245
1016.409424
26.479166
24963
339166590
-1183337104
 339166480
-1183337241
1016.409424
26.479166
24963
339166590
-1183337104
 339166483
-1183337241
1016.409424
26.479166
24963
339166590
-1183337104
 339166484
-1183337237
1016.409424
26.479166
24963
339166590
-1183337104
 339166483
-1183337229
1016.409424
26.479166
24963
339166590
-1183337104
 339166483
-1183337221
1016.409424
26.479166
24963
339166590
-1183337104
 339166473
-1183337221
1016.409424
26.479166
24963
339166590
-1183337104
 339166468
-1183337218
1016.409424
26.479166
24963
339166590
-1183337104
 339166468
-1183337218
1016.409424
26.479166
24963
339166590
-1183337104
 339166472
-1183337218
1016.409424
26.479166
24963
339166590
-1183337104
 339166476
-1183337235
1016.409424
26.479166
24963
339166590
-1183337104
 339166476
-1183337241
1016.409424
26.479166
24963
339166590
-1183337104
 339166475
-1183337241
1016.409424
26.479166
24963
339166590
-1183337104
 339166458
-1183337221
1016.409424
26.479166
24963
339166590
-1183337104
 339166458
-1183337212
1016.409424
26.479166
24963
339166590
-1183337104
 339166442
-1183337212
1016.409424
26.479166
24963
339166590
-1183337104
 339166439
-1183337208
1016.409424
26.479166
24963
339166590
-1183337104
 339166420
-1183337209
1016.409424
26.479166
24963
339166590
-1183337104
 339166420
-1183337205
1016.409424
26.479166
24963
339166590
-1183337104
 339166410
-1183337205
1016.409424
26.479166
24963
339166590
-1183337104
 339166403
-1183337203
1016.409424
26.479166
24963
339166590
-1183337104
 339166388
-1183337215
1016.409424
26.479166
24963
339166590
-1183337104
 339166388
-1183337215
1016.409424
26.479166
24963
339166590
-1183337104
 339166378
-1183337215
1016.409424
26.479166
24963
339166590
-1183337104
 339166363
-1183337247
1016.409424
26.479166
24963
339166590
-1183337104
 339166363
-1183337246
1016.409424
26.479166
24963
339166590
-1183337104
 339166359
-1183337246
1016.409424
26.479166
24963
339166590
-1183337104
 339166359
-1183337236
1016.409424
26.479166
24963
339166590
-1183337104
 339166359
-1183337234
1016.409424
26.479166
24963
339166590
-1183337104
 339166381
-1183337234
1016.409424
26.479166
24963
339166590
-1183337104
 339166375
-1183337262
1016.409424
26.479166
24963
339166590
-1183337104
 339166375
-1183337291
1016.409424
26.479166
24963
339166590
-1183337104
 339166375
-1183337291
1016.409424
26.479166
24963
339166590
-1183337104
 339166374
-1183337272
1016.409424
26.479166
24963
339166590
-1183337104
 339166374
-1183337260
1016.409424
26.479166
24963
339166590
-1183337104
 339166368
-1183337260
1016.409424
26.479166
24963
339166590
-1183337104
 339166366
-1183337238
1016.409424
26.479166
24963
339166590
-1183337104
 339166366
-1183337231
1016.409424
26.479166
24963
339166590
-1183337104
 339166369
-1183337231
1016.409424
26.479166
24963
339166590
-1183337104
 339166365
-1183337239
1016.409424
26.479166
24963
339166590
-1183337104
 339166365
-1183337224
1016.409424
26.479166
24963
339166590
-1183337104
 339166373
-1183337224
1016.409424
26.479166
24963
339166590
-1183337104
 339166384
-1183337208
1016.409424
26.479166
24963
339166590
-1183337104
 339166384
-1183337195
1016.409424
26.479166
24963
339166590
-1183337104
 339166395
-1183337195
1016.409424
26.479166
24963
339166590
-1183337104
 339166424
-1183337164
1016.409424
26.479166
24963
339166590
-1183337104
 339166424
-1183337162
1016.409424
26.479166
24963
339166590
-1183337104
 339166433
-1183337162
1016.409424
26.479166
24963
339166590
-1183337104
 339166431
-1183337142
1016.409424
26.479166
24963
339166590
-1183337104
 339166431
-1183337141
1016.409424
26.479166
24963
339166590
-1183337104
 339166430
-1183337141
1016.409424
26.479166
24963
339166590
-1183337104
 339166447
-1183337110
1016.409424
26.479166
24963
339166590
-1183337104
 339166447
-1183337113
1016.409424
26.479166
24963
339166590
-1183337104
 339166453
-1183337113
1016.409424
26.479166
24963
339166590
-1183337104
 339166456
-1183337129
1016.409424
26.479166
24963
339166590
-1183337104
 339166456
-1183337132
1016.409424
26.479166
24963
339166590
-1183337104
 339166460
-1183337132
1016.409424
26.479166
24963
339166590
-1183337104
 339166467
-1183337126
1016.409424
26.479166
24963
339166590
-1183337104
 339166467
-1183337130
1016.409424
26.479166
24963
339166590
-1183337104
 339166471
-1183337130
1016.409424
26.479166
24963
339166590
-1183337104
 339166503
-1183337125
1016.409424
26.479166
24963
339166590
-1183337104
 339166503
-1183337125
1016.409424
26.479166
24963
339166590
-1183337104
 339166516
-1183337125
1016.409424
26.479166
24963
339166590
-1183337104
 339166539
-1183337138
1016.409424
26.479166
24963
339166590
-1183337104
 339166539
-1183337143
1016.409424
26.479166
24963
339166590
-1183337104
 339166544
-1183337143
1016.409424
26.479166
24963
339166590
-1183337104
 339166556
-1183337142
1016.409424
26.479166
24963
339166590
-1183337104
 339166561
-1183337137
1016.409424
26.479166
24963
339166590
-1183337104
 339166561
-1183337152
1016.409424
26.479166
24963
339166590
-1183337104
 339166563
-1183337152
1016.409424
26.479166
24963
339166590
-1183337104
 339166570
-1183337153
1016.409424
26.479166
24963
339166590
-1183337104
 339166573
-1183337155
1016.409424
26.479166
24963
339166590
-1183337104
 339166573
-1183337167
1016.409424
26.479166
24963
339166590
-1183337104
 339166572
-1183337167
1016.409424
26.479166
24963
339166590
-1183337104
 339166581
-1183337159
1016.409424
26.479166
24963
339166590
-1183337104
 339166581
-1183337166
1016.409424
26.479166
24963
339166590
-1183337104
 339166578
-1183337166
1016.409424
26.479166
24963
339166590
-1183337104
 339166592
-1183337148
1016.409424
26.479166
24963
339166590
-1183337104
 339166597
-1183337145
1016.409424
26.479166
24963
339166590
-1183337104
 339166597
-1183337156
1016.409424
26.479166
24963
339166590
-1183337104
 339166594
-1183337156
1016.409424
26.479166
24963
339166590
-1183337104
 339166588
-1183337160
1016.409424
26.479166
24963
339166590
-1183337104
 339166599
-1183337144
1016.409424
26.479166
24963
339166590
-1183337104
 339166599
-1183337144
1016.409424
26.479166
24963
339166590
-1183337104
 339166601
-1183337144
1016.409424
26.479166
24963
339166590
-1183337104
 339166621
-1183337145
1016.409424
26.479166
24963
339166590
-1183337104
 339166621
-1183337137
1016.409424
26.479166
24963
339166590
-1183337104
 339166629
-1183337137
1016.409424
26.479166
24963
339166590
-1183337104
 339166649
-1183337115
1016.409424
26.479166
24963
339166590
-1183337104
 339166649
-1183337111
1016.409424
26.479166
24963
339166590
-1183337104
 339166658
-1183337111
1016.409424
26.479166
24963
339166590
-1183337104
 339166670
-1183337082
1016.409424
26.479166
24963
339166590
-1183337104
 339166670
-1183337077
1016.409424
26.479166
24963
339166590
-1183337104
 339166665
-1183337077
1016.409424
26.479166
24963
339166590
-1183337104
 339166663
-1183337083
1016.409424
26.479166
24963
339166590
-1183337104
 339166666
-1183337080
1016.409424
26.479166
24963
339166590
-1183337104
 339166666
-1183337082
1016.409424
26.479166
24963
339166590
-1183337104
 339166670
-1183337082
1016.409424
26.479166
24963
339166590
-1183337104
 339166670
-1183337075
1016.409424
26.479166
24963
339166590
-1183337104
 339166675
-1183337073
1016.409424
26.479166
24963
339166590
-1183337104
 339166675
-1183337058
1016.409424
26.479166
24963
339166590
-1183337104
 339166692
-1183337058
1016.409424
26.479166
24963
339166590
-1183337104
 339166698
-1183337044
1016.409424
26.479166
24963
339166590
-1183337104
 339166712
-1183337032
1016.409424
26.479166
24963
339166590
-1183337104
 339166712
-1183336996
1016.409424
26.479166
24963
339166590
-1183337104
 339166731
-1183336996
1016.409424
26.479166
24963
339166590
-1183337104
 339166728
-1183336966
1016.409424
26.479166
24963
339166590
-1183337104
 339166724
-1183336936
1016.409424
26.479166
24963
339166590
-1183337104
 339166724
-1183336891
1016.409424
26.479166
24963
339166590
-1183337104
 339166723
-1183336891
1016.409424
26.479166
24963
339166590
-1183337104
 339166721
-1183336870
1016.409424
26.479166
24963
339166590
-1183337104
 339166716
-1183336862
1016.409424
26.479166
24963
339166590
-1183337104
 339166716
-1183336844
1016.409424
26.479166
24963
339166590
-1183337104
 339166701
-1183336844
1016.409424
26.479166
24963
339166590
-1183337104
 339166686
-1183336815
1016.409424
26.479166
24963
339166590
-1183337104
 339166686
-1183336757
1016.409424
26.479166
24963
339166590
-1183337104
 339166689
-1183336757
1016.409424
26.479166
24963
339166590
-1183337104
 339166676
-1183336728
1016.409424
26.479166
24963
339166590
-1183337104
 339166676
-1183336745
1016.409424
26.479166
24963
339166590
-1183337104
 339166661
-1183336745
1016.409424
26.479166
24963
339166590
-1183337104
 339166650
-1183336752
1016.409424
26.479166
24963
339166590
-1183337104
 339166650
-1183336755
1016.409424
26.479166
24963
339166590
-1183337104
 339166640
-1183336755
1016.409424
26.479166
24963
339166590
-1183337104
 339166642
-1183336715
1016.409424
26.479166
24963
339166590
-1183337104
 339166642
-1183336702
1016.409424
26.479166
24963
339166590
-1183337104
 339166643
-1183336702
1016.409424
26.479166
24963
339166590
-1183337104
 339166626
-1183336740
1016.409424
26.479166
24963
339166590
-1183337104
 339166626
-1183336752
1016.409424
26.479166
24963
339166590
-1183337104
 339166626
-1183336752
1016.409424
26.479166
24963
339166590
-1183337104
 339166613
-1183336827
1016.409424
26.479166
24963
339166590
-1183337104
 339166613
-1183336878
1016.409424
26.479166
24963
339166590
-1183337104
 339166606
-1183336878
1016.409424
26.479166
24963
339166590
-1183337104
 339166623
-1183336900
1016.409424
26.479166
24963
339166590
-1183337104
 339166623
-1183336930
1016.409424
26.479166
24963
339166590
-1183337104
 339166619
-1183336930
1016.409424
26.479166
24963
339166590
-1183337104
 339166612
-1183336969
1016.409424
26.479166
24963
339166590
-1183337104
 339166612
-1183337010
1016.409424
26.479166
24963
339166590
-1183337104
 339166613
-1183337010
1016.409424
26.479166
24963
339166590
-1183337104
 339166633
-1183337135
1016.409424
26.479166
24963
339166590
-1183337104
 339166633
-1183337130
1016.409424
26.479166
24963
339166590
-1183337104
 339166652
-1183337130
1016.409424
26.479166
24963
339166590
-1183337104
 339166649
-1183337158
1016.409424
26.479166
24963
339166590
-1183337104
 339166649
-1183337176
1016.409424
26.479166
24963
339166590
-1183337104
 339166655
-1183337176
1016.409424
26.479166
24963
339166590
-1183337104
 339166677
-1183337238
1016.409424
26.479166
24963
339166590
-1183337104
 339166677
-1183337245
1016.409424
26.479166
24963
339166590
-1183337104
 339166686
-1183337245
1016.409424
26.479166
24963
339166590
-1183337104
 339166673
-1183337283
1016.409424
26.479166
24963
339166590
-1183337104
 339166667
-1183337286
1016.409424
26.479166
24963
339166590
-1183337104
 339166667
-1183337304
1016.409424
26.479166
24963
339166590
-1183337104
 339166670
-1183337304
1016.409424
26.479166
24963
339166590
-1183337104
 339166688
-1183337307
1016.409424
26.479166
24963
339166590
-1183337104
 339166699
-1183337321
1016.409424
26.479166
24963
339166590
-1183337104
 339166699
-1183337339
1016.409424
26.479166
24963
339166590
-1183337104
 339166705
-1183337339
1016.409424
26.479166
24963
339166590
-1183337104
 339166719
-1183337320
1016.409424
26.479166
24963
339166590
-1183337104
 339166701
-1183337365
1016.409424
26.479166
24963
339166590
-1183337104
 339166701
-1183337347
1016.409424
26.479166
24963
339166590
-1183337104
 339166717
-1183337347
1016.409424
26.479166
24963
339166590
-1183337104
 339166730
-1183337324
1016.409424
26.479166
24963
339166590
-1183337104
 339166730
-1183337338
1016.409424
26.479166
24963
339166590
-1183337104
 339166717
-1183337338
1016.409424
26.479166
24963
339166590
-1183337104
 339166720
-1183337315
1016.409424
26.479166
24963
339166590
-1183337104
 339166712
-1183337316
1016.409424
26.479166
24963
339166590
-1183337104
 