339166562
-1183336579
1016.409424
26.479166
24963
339166590
-1183337104
 339166581
-1183336579
1016.409424
26.479166
24963
339166590
-1183337104
 339166608
-1183336634
1016.409424
26.479166
24963
339166590
-1183337104
 339166608
-1183336648
1016.409424
26.479166
24963
339166590
-1183337104
 339166620
-1183336648
1016.409424
26.479166
24963
339166590
-1183337104
 339166644
-1183336687
1016.409424
26.479166
24963
339166590
-1183337104
 339166644
-1183336694
1016.409424
26.479166
24963
339166590
-1183337104
 339166648
-1183336694
1016.409424
26.479166
24963
339166590
-1183337104
 339166622
-1183336687
1016.409424
26.479166
24963
339166590
-1183337104
 339166622
-1183336685
1016.409424
26.479166
24963
339166590
-1183337104
 339166624
-1183336685
1016.409424
26.479166
24963
339166590
-1183337104
 339166614
-1183336690
1016.409424
26.479166
24963
339166590
-1183337104
 339166614
-1183336704
1016.409424
26.479166
24963
339166590
-1183337104
 339166617
-1183336704
1016.409424
26.479166
24963
339166590
-1183337104
 339166606
-1183336696
1016.409424
26.479166
24963
339166590
-1183337104
 339166606
-1183336703
1016.409424
26.479166
24963
339166590
-1183337104
 339166605
-1183336703
1016.409424
26.479166
24963
339166590
-1183337104
 339166607
-1183336712
1016.409424
26.479166
24963
339166590
-1183337104
 339166605
-1183336718
1016.409424
26.479166
24963
339166590
-1183337104
 339166605
-1183336722
1016.409424
26.479166
24963
339166590
-1183337104
 339166599
-1183336722
1016.409424
26.479166
24963
339166590
-1183337104
 339166599
-1183336724
1016.409424
26.479166
24963
339166590
-1183337104
 339166596
-1183336719
1016.409424
26.479166
24963
339166590
-1183337104
 339166596
-1183336730
1016.409424
26.479166
24963
339166590
-1183337104
 339166590
-1183336730
1016.409424
26.479166
24963
339166590
-1183337104
 339166574
-1183336732
1016.409424
26.479166
24963
339166590
-1183337104
 339166574
-1183336729
1016.409424
26.479166
24963
339166590
-1183337104
 339166564
-1183336729
1016.409424
26.479166
24963
339166590
-1183337104
 339166559
-1183336737
1016.409424
26.479166
24963
339166590
-1183337104
 339166555
-1183336748
1016.409424
26.479166
24963
339166590
-1183337104
 339166555
-1183336744
1016.409424
26.479166
24963
339166590
-1183337104
 339166545
-1183336744
1016.409424
26.479166
24963
339166590
-1183337104
 339166526
-1183336740
1016.409424
26.479166
24963
339166590
-1183337104
 339166526
-1183336745
1016.409424
26.479166
24963
339166590
-1183337104
 339166514
-1183336745
1016.409424
26.479166
24963
339166590
-1183337104
 339166490
-1183336745
1016.409424
26.479166
24963
339166590
-1183337104
 339166490
-1183336739
1016.409424
26.479166
24963
339166590
-1183337104
 339166474
-1183336739
1016.409424
26.479166
24963
339166590
-1183337104
 339166447
-1183336748
1016.409424
26.479166
24963
339166590
-1183337104
 339166447
-1183336754
1016.409424
26.479166
24963
339166590
-1183337104
 339166437
-1183336754
1016.409424
26.479166
24963
339166590
-1183337104
 339166409
-1183336763
1016.409424
26.479166
24963
339166590
-1183337104
 339166409
-1183336771
1016.409424
26.479166
24963
339166590
-1183337104
 339166397
-1183336771
1016.409424
26.479166
24963
339166590
-1183337104
 339166371
-1183336784
1016.409424
26.479166
24963
339166590
-1183337104
 339166371
-1183336785
1016.409424
26.479166
24963
339166590
-1183337104
 339166364
-1183336785
1016.409424
26.479166
24963
339166590
-1183337104
 339166354
-1183336789
1016.409424
26.479166
24963
339166590
-1183337104
 339166354
-1183336771
1016.409424
26.479166
24963
339166590
-1183337104
 339166341
-1183336771
1016.409424
26.479166
24963
339166590
-1183337104
 339166326
-1183336748
1016.409424
26.479166
24963
339166590
-1183337104
 339166326
-1183336736
1016.409424
26.479166
24963
339166590
-1183337104
 339166314
-1183336736
1016.409424
26.479166
24963
339166590
-1183337104
 339166299
-1183336719
1016.409424
26.479166
24963
339166590
-1183337104
 339166299
-1183336706
1016.409424
26.479166
24963
339166590
-1183337104
 339166296
-1183336706
1016.409424
26.479166
24963
339166590
-1183337104
 339166290
-1183336706
1016.409424
26.479166
24963
339166590
-1183337104
 339166287
-1183336700
1016.409424
26.479166
24963
339166590
-1183337104
 339166287
-1183336707
1016.409424
26.479166
24963
339166590
-1183337104
 339166286
-1183336707
1016.409424
26.479166
24963
339166590
-1183337104
 339166297
-1183336700
1016.409424
26.479166
24963
339166590
-1183337104
 339166297
-1183336710
1016.409424
26.479166
24963
339166590
-1183337104
 339166289
-1183336710
1016.409424
26.479166
24963
339166590
-1183337104
 339166289
-1183336707
1016.409424
26.479166
24963
339166590
-1183337104
 339166289
-1183336700
1016.409424
26.479166
24963
339166590
-1183337104
 339166296
-1183336700
1016.409424
26.479166
24963
339166590
-1183337104
 339166303
-1183336706
1016.409424
26.479166
24963
339166590
-1183337104
 339166311
-1183336702
1016.409424
26.479166
24963
339166590
-1183337104
 339166311
-1183336696
1016.409424
26.479166
24963
339166590
-1183337104
 339166308
-1183336696
1016.409424
26.479166
24963
339166590
-1183337104
 339166299
-1183336693
1016.409424
26.479166
24963
339166590
-1183337104
 339166307
-1183336672
1016.409424
26.479166
24963
339166590
-1183337104
 339166307
-1183336664
1016.409424
26.479166
24963
339166590
-1183337104
 339166306
-1183336664
1016.409424
26.479166
24963
339166590
-1183337104
 339166309
-1183336651
1016.409424
26.479166
24963
339166590
-1183337104
 339166313
-1183336653
1016.409424
26.479166
24963
339166590
-1183337104
 339166313
-1183336653
1016.409424
26.479166
24963
339166590
-1183337104
 339166330
-1183336653
1016.409424
26.479166
24963
339166590
-1183337104
 339166308
-1183336695
1016.409424
26.479166
24963
339166590
-1183337104
 339166308
-1183336708
1016.409424
26.479166
24963
339166590
-1183337104
 339166310
-1183336708
1016.409424
26.479166
24963
339166590
-1183337104
 339166297
-1183336740
1016.409424
26.479166
24963
339166590
-1183337104
 339166297
-1183336752
1016.409424
26.479166
24963
339166590
-1183337104
 339166284
-1183336752
1016.409424
26.479166
24963
339166590
-1183337104
 339166243
-1183336764
1016.409424
26.479166
24963
339166590
-1183337104
 339166243
-1183336780
1016.409424
26.479166
24963
339166590
-1183337104
 339166237
-1183336780
1016.409424
26.479166
24963
339166590
-1183337104
 339166224
-1183336789
1016.409424
26.479166
24963
339166590
-1183337104
 339166223
-1183336801
1016.409424
26.479166
24963
339166590
-1183337104
 339166223
-1183336829
1016.409424
26.479166
24963
339166590
-1183337104
 339166195
-1183336829
1016.409424
26.479166
24963
339166590
-1183337104
 339166220
-1183336842
1016.409424
26.479166
24963
339166590
-1183337104
 339166220
-1183336844
1016.409424
26.479166
24963
339166590
-1183337104
 339166226
-1183336844
1016.409424
26.479166
24963
339166590
-1183337104
 339166230
-1183336847
1016.409424
26.479166
24963
339166590
-1183337104
 339166230
-1183336862
1016.409424
26.479166
24963
339166590
-1183337104
 339166231
-1183336862
1016.409424
26.479166
24963
339166590
-1183337104
 339166247
-1183336840
1016.409424
26.479166
24963
339166590
-1183337104
 339166247
-1183336845
1016.409424
26.479166
24963
339166590
-1183337104
 339166245
-1183336845
1016.409424
26.479166
24963
339166590
-1183337104
 339166244
-1183336840
1016.409424
26.479166
24963
339166590
-1183337104
 339166231
-1183336842
1016.409424
26.479166
24963
339166590
-1183337104
 339166231
-1183336844
1016.409424
26.479166
24963
339166590
-1183337104
 339166218
-1183336844
1016.409424
26.479166
24963
339166590
-1183337104
 339166216
-1183336826
1016.409424
26.479166
24963
339166590
-1183337104
 339166216
-1183336829
1016.409424
26.479166
24963
339166590
-1183337104
 339166216
-1183336829
1016.409424
26.479166
24963
339166590
-1183337104
 339166214
-1183336823
1016.409424
26.479166
24963
339166590
-1183337104
 339166212
-1183336813
1016.409424
26.479166
24963
339166590
-1183337104
 339166212
-1183336802
1016.409424
26.479166
24963
339166590
-1183337104
 339166212
-1183336802
1016.409424
26.479166
24963
339166590
-1183337104
 339166205
-1183336796
1016.409424
26.479166
24963
339166590
-1183337104
 339166197
-1183336794
1016.409424
26.479166
24963
339166590
-1183337104
 339166197
-1183336791
1016.409424
26.479166
24963
339166590
-1183337104
 339166190
-1183336791
1016.409424
26.479166
24963
339166590
-1183337104
 339166173
-1183336787
1016.409424
26.479166
24963
339166590
-1183337104
 339166173
-1183336807
1016.409424
26.479166
24963
339166590
-1183337104
 339166165
-1183336807
1016.409424
26.479166
24963
339166590
-1183337104
 339166162
-1183336808
1016.409424
26.479166
24963
339166590
-1183337104
 339166162
-1183336821
1016.409424
26.479166
24963
339166590
-1183337104
 339166158
-1183336821
1016.409424
26.479166
24963
339166590
-1183337104
 339166152
-1183336828
1016.409424
26.479166
24963
339166590
-1183337104
 339166152
-1183336852
1016.409424
26.479166
24963
339166590
-1183337104
 339166138
-1183336852
1016.409424
26.479166
24963
339166590
-1183337104
 339166128
-1183336836
1016.409424
26.479166
24963
339166590
-1183337104
 339166128
-1183336824
1016.409424
26.479166
24963
339166590
-1183337104
 339166121
-1183336824
1016.409424
26.479166
24963
339166590
-1183337104
 339166118
-1183336807
1016.409424
26.479166
24963
339166590
-1183337104
 339166116
-1183336790
1016.409424
26.479166
24963
339166590
-1183337104
 339166116
-1183336770
1016.409424
26.479166
24963
339166590
-1183337104
 339166114
-1183336770
1016.409424
26.479166
24963
339166590
-1183337104
 339166113
-1183336759
1016.409424
26.479166
24963
339166590
-1183337104
 339166113
-1183336766
1016.409424
26.479166
24963
339166590
-1183337104
 339166113
-1183336763
1016.409424
26.479166
24963
339166590
-1183337104
 339166109
-1183336763
1016.409424
26.479166
24963
339166590
-1183337104
 339166108
-1183336773
1016.409424
26.479166
24963
339166590
-1183337104
 339166108
-1183336766
1016.409424
26.479166
24963
339166590
-1183337104
 339166104
-1183336766
1016.409424
26.479166
24963
339166590
-1183337104
 339166112
-1183336789
1016.409424
26.479166
24963
339166590
-1183337104
 339166112
-1183336787
1016.409424
26.479166
24963
339166590
-1183337104
 339166117
-1183336787
1016.409424
26.479166
24963
339166590
-1183337104
 339166116
-1183336763
1016.409424
26.479166
24963
339166590
-1183337104
 339166113
-1183336741
1016.409424
26.479166
24963
339166590
-1183337104
 339166113
-1183336734
1016.409424
26.479166
24963
339166590
-1183337104
 339166118
-1183336734
1016.409424
26.479166
24963
339166590
-1183337104
 339166124
-1183336700
1016.409424
26.479166
24963
339166590
-1183337104
 339166133
-1183336654
1016.409424
26.479166
24963
339166590
-1183337104
 339166133
-1183336587
1016.409424
26.479166
24963
339166590
-1183337104
 339166151
-1183336587
1016.409424
26.479166
24963
339166590
-1183337104
 339166182
-1183336479
1016.409424
26.479166
24963
339166590
-1183337104
 339166182
-1183336428
1016.409424
26.479166
24963
339166590
-1183337104
 339166196
-1183336428
1016.409424
26.479166
24963
339166590
-1183337104
 339166230
-1183336353
1016.409424
26.479166
24963
339166590
-1183337104
 339166230
-1183336333
1016.409424
26.479166
24963
339166590
-1183337104
 339166247
-1183336333
1016.409424
26.479166
24963
339166590
-1183337104
 339166270
-1183336311
1016.409424
26.479166
24963
339166590
-1183337104
 339166296
-1183336285
1016.409424
26.479166
24963
339166590
-1183337104
 339166296
-1183336282
1016.409424
26.479166
24963
339166590
-1183337104
 339166313
-1183336282
1016.409424
26.479166
24963
339166590
-1183337104
 339166322
-1183336287
1016.409424
26.479166
24963
339166590
-1183337104
 339166327
-1183336276
1016.409424
26.479166
24963
339166590
-1183337104
 339166327
-1183336266
1016.409424
26.479166
24963
339166590
-1183337104
 339166338
-1183336266
1016.409424
26.479166
24963
339166590
-1183337104
 339166349
-1183336257
1016.409424
26.479166
24963
339166590
-1183337104
 339166366
-1183336234
1016.409424
26.479166
24963
339166590
-1183337104
 339166366
-1183336220
1016.409424
26.479166
24963
339166590
-1183337104
 339166372
-1183336220
1016.409424
26.479166
24963
339166590
-1183337104
 339166370
-1183336216
1016.409424
26.479166
24963
339166590
-1183337104
 339166370
-1183336180
1016.409424
26.479166
24963
339166590
-1183337104
 339166363
-1183336180
1016.409424
26.479166
24963
339166590
-1183337104
 339166363
-1183336163
1016.409424
26.479166
24963
339166590
-1183337104
 339166355
-1183336132
1016.409424
26.479166
24963
339166590
-1183337104
 339166355
-1183336122
1016.409424
26.479166
24963
339166590
-1183337104
 339166354
-1183336122
1016.409424
26.479166
24963
339166590
-1183337104
 339166353
-1183336109
1016.409424
26.479166
24963
339166590
-1183337104
 339166359
-1183336104
1016.409424
26.479166
24963
339166590
-1183337104
 339166359
-1183336100
1016.409424
26.479166
24963
339166590
-1183337104
 339166360
-1183336100
1016.409424
26.479166
24963
339166590
-1183337104
 339166377
-1183336108
1016.409424
26.479166
24963
339166590
-1183337104
 339166377
-1183336145
1016.409424
26.479166
24963
339166590
-1183337104
 339166383
-1183336145
1016.409424
26.479166
24963
339166590
-1183337104
 339166408
-1183336185
1016.409424
26.479166
24963
339166590
-1183337104
 339166408
-1183336215
1016.409424
26.479166
24963
339166590
-1183337104
 339166414
-1183336215
1016.409424
26.479166
24963
339166590
-1183337104
 339166430
-1183336282
1016.409424
26.479166
24963
339166590
-1183337104
 339166430
-1183336306
1016.409424
26.479166
24963
339166590
-1183337104
 339166444
-1183336306
1016.409424
26.479166
24963
339166590
-1183337104
 339166476
-1183336365
1016.409424
26.479166
24963
339166590
-1183337104
 339166476
-1183336388
1016.409424
26.479166
24963
339166590
-1183337104
 339166493
-1183336388
1016.409424
26.479166
24963
339166590
-1183337104
 339166505
-1183336414
1016.409424
26.479166
24963
339166590
-1183337104
 339166524
-1183336439
1016.409424
26.479166
24963
339166590
-1183337104
 339166524
-1183336480
1016.409424
26.479166
24963
339166590
-1183337104
 339166551
-1183336480
1016.409424
26.479166
24963
339166590
-1183337104
 339166578
-1183336511
1016.409424
26.479166
24963
339166590
-1183337104
 339166599
-1183336574
1016.409424
26.479166
24963
339166590
-1183337104
 339166599
-1183336630
1016.409424
26.479166
24963
339166590
-1183337104
 339166628
-1183336630
1016.409424
26.479166
24963
339166590
-1183337104
 339166658
-1183336688
1016.409424
26.479166
24963
339166590
-1183337104
 339166677
-1183336751
1016.409424
26.479166
24963
339166590
-1183337104
 339166677
-1183336794
1016.409424
26.479166
24963
339166590
-1183337104
 339166694
-1183336794
1016.409424
26.479166
24963
339166590
-1183337104
 339166743
-1183336891
1016.409424
26.479166
24963
339166590
-1183337104
 339166743
-1183336924
1016.409424
26.479166
24963
339166590
-1183337104
 339166763
-1183336924
1016.409424
26.479166
24963
339166590
-1183337104
 339166781
-1183336950
1016.409424
26.479166
24963
339166590
-1183337104
 339166792
-1183336982
1016.409424
26.479166
24963
339166590
-1183337104
 339166792
-1183337011
1016.409424
26.479166
24963
339166590
-1183337104
 339166802
-1183337011
1016.409424
26.479166
24963
339166590
-1183337104
 339166803
-1183337046
1016.409424
26.479166
24963
339166590
-1183337104
 339166821
-1183337061
1016.409424
26.479166
24963
339166590
-1183337104
 339166821
-1183337097
1016.409424
26.479166
24963
339166590
-1183337104
 339166816
-1183337097
1016.409424
26.479166
24963
339166590
-1183337104
 339166820
-1183337155
1016.409424
26.479166
24963
339166590
-1183337104
 339166820
-1183337169
1016.409424
26.479166
24963
339166590
-1183337104
 339166810
-1183337169
1016.409424
26.479166
24963
339166590
-1183337104
 339166816
-1183337148
1016.409424
26.479166
24963
339166590
-1183337104
 339166816
-1183337140
1016.409424
26.479166
24963
339166590
-1183337104
 339166829
-1183337140
1016.409424
26.479166
24963
339166590
-1183337104
 339166848
-1183337153
1016.409424
26.479166
24963
339166590
-1183337104
 339166848
-1183337154
1016.409424
26.479166
24963
339166590
-1183337104
 339166845
-1183337154
1016.409424
26.479166
24963
339166590
-1183337104
 339166842
-1183337149
1016.409424
26.479166
24963
339166590
-1183337104
 339166847
-1183337142
1016.409424
26.479166
24963
339166590
-1183337104
 339166847
-1183337132
1016.409424
26.479166
24963
339166590
-1183337104
 339166851
-1183337132
1016.409424
26.479166
24963
339166590
-1183337104
 339166854
-1183337139
1016.409424
26.479166
24963
339166590
-1183337104
 339166852
-1183337141
1016.409424
26.479166
24963
339166590
-1183337104
 339166852
-1183337135
1016.409424
26.479166
24963
339166590
-1183337104
 339166852
-1183337135
1016.409424
26.479166
24963
339166590
-1183337104
 339166853
-1183337133
1016.409424
26.479166
24963
339166590
-1183337104
 339166853
-1183337129
1016.409424
26.479166
24963
339166590
-1183337104
 339166855
-1183337129
1016.409424
26.479166
24963
339166590
-1183337104
 339166856
-1183337130
1016.409424
26.479166
24963
339166590
-1183337104
 339166856
-1183337131
1016.409424
26.479166
24963
339166590
-1183337104
 339166860
-1183337131
1016.409424
26.479166
24963
339166590
-1183337104
 339166842
-1183337118
1016.409424
26.479166
24963
339166590
-1183337104
 339166842
-1183337113
1016.409424
26.479166
24963
339166590
-1183337104
 339166837
-1183337113
1016.409424
26.479166
24963
339166590
-1183337104
 339166821
-1183337109
1016.409424
26.479166
24963
339166590
-1183337104
 339166821
-1183337108
1016.409424
26.479166
24963
339166590
-1183337104
 339166817
-1183337108
1016.409424
26.479166
24963
339166590
-1183337104
 339166798
-1183337146
1016.409424
26.479166
24963
339166590
-1183337104
 339166798
-1183337165
1016.409424
26.479166
24963
339166590
-1183337104
 339166780
-1183337165
1016.409424
26.479166
24963
339166590
-1183337104
 339166756
-1183337185
1016.409424
26.479166
24963
339166590
-1183337104
 339166756
-1183337189
1016.409424
26.479166
24963
339166590
-1183337104
 339166746
-1183337189
1016.409424
26.479166
24963
339166590
-1183337104
 339166736
-1183337189
1016.409424
26.479166
24963
339166590
-1183337104
 339166736
-1183337181
1016.409424
26.479166
24963
339166590
-1183337104
 339166737
-1183337181
1016.409424
26.479166
24963
339166590
-1183337104
 339166742
-1183337169
1016.409424
26.479166
24963
339166590
-1183337104
 339166742
-1183337162
1016.409424
26.479166
24963
339166590
-1183337104
 339166742
-1183337159
1016.409424
26.479166
24963
339166590
-1183337104
 339166738
-1183337159
1016.409424
26.479166
24963
339166590
-1183337104
 339166724
-1183337151
1016.409424
26.479166
24963
339166590
-1183337104
 339166724
-1183337159
1016.409424
26.479166
24963
339166590
-1183337104
 339166711
-1183337159
1016.409424
26.479166
24963
339166590
-1183337104
 339166705
-1183337152
1016.409424
26.479166
24963
339166590
-1183337104
 339166705
-1183337151
1016.409424
26.479166
24963
339166590
-1183337104
 339166703
-1183337151
1016.409424
26.479166
24963
339166590
-1183337104
 339166699
-1183337157
1016.409424
26.479166
24963
339166590
-1183337104
 339166690
-1183337156
1016.409424
26.479166
24963
339166590
-1183337104
 339166690
-1183337155
1016.409424
26.479166
24963
339166590
-1183337104
 339166685
-1183337155
1016.409424
26.479166
24963
339166590
-1183337104
 339166692
-1183337152
1016.409424
26.479166
24963
339166590
-1183337104
 339166692
-1183337155
1016.409424
26.479166
24963
339166590
-1183337104
 339166693
-1183337155
1016.409424
26.479166
24963
339166590
-1183337104
 339166689
-1183337165
1016.409424
26.479166
24963
339166590
-1183337104
 339166690
-1183337157
1016.409424
26.479166
24963
339166590
-1183337104
 339166690
-1183337139
1016.409424
26.479166
24963
339166590
-1183337104
 339166691
-1183337139
1016.409424
26.479166
24963
339166590
-1183337104
 339166684
-1183337158
1016.409424
26.479166
24963
339166590
-1183337104
 339166684
-1183337157
1016.409424
26.479166
24963
339166590
-1183337104
 339166684
-1183337157
1016.409424
26.479166
24963
339166590
-1183337104
 339166679
-1183337167
1016.409424
26.479166
24963
339166590
-1183337104
 339166679
-1183337162
1016.409424
26.479166
24963
339166590
-1183337104
 339166679
-1183337162
1016.409424
26.479166
24963
339166590
-1183337104
 339166668
-1183337166
1016.409424
26.479166
24963
339166590
-1183337104
 339166668
-1183337161
1016.409424
26.479166
24963
339166590
-1183337104
 339166658
-1183337161
1016.409424
26.479166
24963
339166590
-1183337104
 339166661
-1183337147
1016.409424
26.479166
24963
339166590
-1183337104
 339166661
-1183337146
1016.409424
26.479166
24963
339166590
-1183337104
 339166663
-1183337146
1016.409424
26.479166
24963
339166590
-1183337104
 339166664
-1183337143
1016.409424
26.479166
24963
339166590
-1183337104
 339166656
-1183337145
1016.409424
26.479166
24963
339166590
-1183337104
 339166656
-1183337140
1016.409424
26.479166
24963
339166590
-1183337104
 339166665
-1183337140
1016.409424
26.479166
24963
339166590
-1183337104
 339166657
-1183337116
1016.409424
26.479166
24963
339166590
-1183337104
 339166649
-1183337131
1016.409424
26.479166
24963
339166590
-1183337104
 339166649
-1183337161
1016.409424
26.479166
24963
339166590
-1183337104
 339166641
-1183337161
1016.409424
26.479166
24963
339166590
-1183337104
 339166620
-1183337069
1016.409424
26.479166
24963
339166590
-1183337104
 339166620
-1183337018
1016.409424
26.479166
24963
339166590
-1183337104
 339166624
-1183337018
1016.409424
26.479166
24963
339166590
-1183337104
 339166606
-1183336984
1016.409424
26.479166
24963
339166590
-1183337104
 339166606
-1183336978
1016.409424
26.479166
24963
339166590
-1183337104
 339166601
-1183336978
1016.409424
26.479166
24963
339166590
-1183337104
 339166597
-1183336979
1016.409424
26.479166
24963
339166590
-1183337104
 339166592
-1183336983
1016.409424
26.479166
24963
339166590
-1183337104
 339166592
-1183336968
1016.409424
26.479166
24963
339166590
-1183337104
 339166585
-1183336968
1016.409424
26.479166
24963
339166590
-1183337104
 339166580
-1183336999
1016.409424
26.479166
24963
339166590
-1183337104
 339166580
-1183336985
1016.409424
26.479166
24963
339166590
-1183337104
 339166560
-1183336985
1016.409424
26.479166
24963
339166590
-1183337104
 339166546
-1183336974
1016.409424
26.479166
24963
339166590
-1183337104
 339166546
-1183336976
1016.409424
26.479166
24963
339166590
-1183337104
 339166534
-1183336976
1016.409424
26.479166
24963
339166590
-1183337104
 339166531
-1183336955
1016.409424
26.479166
24963
339166590
-1183337104
 339166525
-1183336948
1016.409424
26.479166
24963
339166590
-1183337104
 339166525
-1183336937
1016.409424
26.479166
24963
339166590
-1183337104
 339166514
-1183336937
1016.409424
26.479166
24963
339166590
-1183337104
 339166500
-1183336925
1016.409424
26.479166
24963
339166590
-1183337104
 339166487
-1183336944
1016.409424
26.479166
24963
339166590
-1183337104
 339166487
-1183336946
1016.409424
26.479166
24963
339166590
-1183337104
 339166472
-1183336946
1016.409424
26.479166
24963
339166590
-1183337104
 339166458
-1183336924
1016.409424
26.479166
24963
339166590
-1183337104
 339166458
-1183336893
1016.409424
26.479166
24963
339166590
-1183337104
 339166446
-1183336893
1016.409424
26.479166
24963
339166590
-1183337104
 339166422
-1183336843
1016.409424
26.479166
24963
339166590
-1183337104
 339166397
-1183336822
1016.409424
26.479166
24963
339166590
-1183337104
 339166397
-1183336844
1016.409424
26.479166
24963
339166590
-1183337104
 339166409
-1183336844
1016.409424
26.479166
24963
339166590
-1183337104
 339166417
-1183336870
1016.409424
26.479166
24963
339166590
-1183337104
 339166416
-1183336884
1016.409424
26.479166
24963
339166590
-1183337104
 339166416
-1183336895
1016.409424
26.479166
24963
339166590
-1183337104
 339166403
-1183336895
1016.409424
26.479166
24963
339166590
-1183337104
 339166367
-1183336899
1016.409424
26.479166
24963
339166590
-1183337104
 339166367
-1183336911
1016.409424
26.479166
24963
339166590
-1183337104
 339166350
-1183336911
1016.409424
26.479166
24963
339166590
-1183337104
 339166333
-1183336913
1016.409424
26.479166
24963
339166590
-1183337104
 339166333
-1183336907
1016.409424
26.479166
24963
339166590
-1183337104
 339166337
-1183336907
1016.409424
26.479166
24963
339166590
-1183337104
 339166334
-1183336916
1016.409424
26.479166
24963
339166590
-1183337104
 339166345
-1183336901
1016.409424
26.479166
24963
339166590
-1183337104
 339166345
-1183336899
1016.409424
26.479166
24963
339166590
-1183337104
 339166351
-1183336899
1016.409424
26.479166
24963
339166590
-1183337104
 339166354
-1183336909
1016.409424
26.479166
24963
339166590
-1183337104
 339166354
-1183336938
1016.409424
26.479166
24963
339166590
-1183337104
 339166354
-1183336949
1016.409424
26.479166
24963
339166590
-1183337104
 339166352
-1183336949
1016.409424
26.479166
24963
339166590
-1183337104
 339166378
-1183336964
1016.409424
26.479166
24963
339166590
-1183337104
 339166378
-1183336939
1016.409424
26.479166
24963
339166590
-1183337104
 339166384
-1183336939
1016.409424
26.479166
24963
339166590
-1183337104
 339166421
-1183336963
1016.409424
26.479166
24963
339166590
-1183337104
 339166421
-1183336978
1016.409424
26.479166
24963
339166590
-1183337104
 339166427
-1183336978
1016.409424
26.479166
24963
339166590
-1183337104
 339166437
-1183336966
1016.409424
26.479166
24963
339166590
-1183337104
 339166437
-1183336987
1016.409424
26.479166
24963
339166590
-1183337104
 339166440
-1183336987
1016.409424
26.479166
24963
339166590
-1183337104
 339166464
-1183337018
1016.409424
26.479166
24963
339166590
-1183337104
 339166464
-1183337026
1016.409424
26.479166
24963
339166590
-1183337104
 339166463
-1183337026
1016.409424
26.479166
24963
339166590
-1183337104
 339166450
-1183337040
1016.409424
26.479166
24963
339166590
-1183337104
 339166450
-1183337042
1016.409424
26.479166
24963
339166590
-1183337104
 339166436
-1183337042
1016.409424
26.479166
24963
339166590
-1183337104
 339166437
-1183337034
1016.409424
26.479166
24963
339166590
-1183337104
 339166437
-1183337042
1016.409424
26.479166
24963
339166590
-1183337104
 339166409
-1183337042
1016.409424
26.479166
24963
339166590
-1183337104
 339166402
-1183337040
1016.409424
26.479166
24963
339166590
-1183337104
 339166402
-1183337037
1016.409424
26.479166
24963
339166590
-1183337104
 339166398
-1183337037
1016.409424
26.479166
24963
339166590
-1183337104
 339166389
-1183337047
1016.409424
26.479166
24963
339166590
-1183337104
 339166389
-1183337049
1016.409424
26.479166
24963
339166590
-1183337104
 339166392
-1183337049
1016.409424
26.479166
24963
339166590
-1183337104
 339166374
-1183337048
1016.409424
26.479166
24963
339166590
-1183337104
 339166374
-1183337054
1016.409424
26.479166
24963
339166590
-1183337104
 339166357
-1183337054
1016.409424
26.479166
24963
339166590
-1183337104
 339166349
-1183337063
1016.409424
26.479166
24963
339166590
-1183337104
 339166349
-1183337066
1016.409424
26.479166
24963
339166590
-1183337104
 339166332
-1183337066
1016.409424
26.479166
24963
339166590
-1183337104
 339166307
-1183337065
1016.409424
26.479166
24963
339166590
-1183337104
 339166307
-1183337064
1016.409424
26.479166
24963
339166590
-1183337104
 339166308
-1183337064
1016.409424
26.479166
24963
339166590
-1183337104
 339166303
-1183337058
1016.409424
26.479166
24963
339166590
-1183337104
 339166309
-1183337053
1016.409424
26.479166
24963
339166590
-1183337104
 339166309
-1183337066
1016.409424
26.479166
24963
339166590
-1183337104
 339166305
-1183337066
1016.409424
26.479166
24963
339166590
-1183337104
 339166287
-1183337066
1016.409424
26.479166
24963
339166590
-1183337104
 339166287
-1183337066
1016.409424
26.479166
24963
339166590
-1183337104
 339166283
-1183337066
1016.409424
26.479166
24963
339166590
-1183337104
 339166326
-1183337057
1016.409424
26.479166
24963
339166590
-1183337104
 339166326
-1183337055
1016.409424
26.479166
24963
339166590
-1183337104
 339166334
-1183337055
1016.409424
26.479166
24963
339166590
-1183337104
 339166352
-1183337049
1016.409424
26.479166
24963
339166590
-1183337104
 339166352
-1183337041
1016.409424
26.479166
24963
339166590
-1183337104
 339166361
-1183337041
1016.409424
26.479166
24963
339166590
-1183337104
 339166362
-1183337039
1016.409424
26.479166
24963
339166590
-1183337104
 339166369
-1183337041
1016.409424
26.479166
24963
339166590
-1183337104
 339166369
-1183337040
1016.409424
26.479166
24963
339166590
-1183337104
 339166358
-1183337040
1016.409424
26.479166
24963
339166590
-1183337104
 339166337
-1183337045
1016.409424
26.479166
24963
339166590
-1183337104
 339166340
-1183337055
1016.409424
26.479166
24963
339166590
-1183337104
 339166340
-1183337070
1016.409424
26.479166
24963
339166590
-1183337104
 339166316
-1183337070
1016.409424
26.479166
24963
339166590
-1183337104
 339166266
-1183337093
1016.409424
26.479166
24963
339166590
-1183337104
 339166266
-1183337095
1016.409424
26.479166
24963
339166590
-1183337104
 339166248
-1183337095
1016.409424
26.479166
24963
339166590
-1183337104
 339166186
-1183337122
1016.409424
26.479166
24963
339166590
-1183337104
 339166186
-1183337128
1016.409424
26.479166
24963
339166590
-1183337104
 339166172
-1183337128
1016.409424
26.479166
24963
339166590
-1183337104
 339166198
-1183337127
1016.409424
26.479166
24963
339166590
-1183337104
 339166198
-1183337126
1016.409424
26.479166
24963
339166590
-1183337104
 339166203
-1183337126
1016.409424
26.479166
24963
339166590
-1183337104
 339166190
-1183337130
1016.409424
26.479166
24963
339166590
-1183337104
 339166190
-1183337132
1016.409424
26.479166
24963
339166590
-1183337104
 339166188
-1183337132
1016.409424
26.479166
24963
339166590
-1183337104
 339166195
-1183337129
1016.409424
26.479166
24963
339166590
-1183337104
 339166195
-1183337126
1016.409424
26.479166
24963
339166590
-1183337104
 339166216
-1183337126
1016.409424
26.479166
24963
339166590
-1183337104
 339166223
-1183337132
1016.409424
26.479166
24963
339166590
-1183337104
 339166233
-1183337133
1016.409424
26.479166
24963
339166590
-1183337104
 339166233
-1183337131
1016.409424
26.479166
24963
339166590
-1183337104
 339166234
-1183337131
1016.409424
26.479166
24963
339166590
-1183337104
 339166242
-1183337131
1016.409424
26.479166
24963
339166590
-1183337104
 339166242
-1183337131
1016.409424
26.479166
24963
339166590
-1183337104
 339166252
-1183337131
1016.409424
26.479166
24963
339166590
-1183337104
 339166240
-1183337140
1016.409424
26.479166
24963
339166590
-1183337104
 339166240
-1183337139
1016.409424
26.479166
24963
339166590
-1183337104
 339166241
-1183337139
1016.409424
26.479166
24963
339166590
-1183337104
 339166252
-1183337137
1016.409424
26.479166
24963
339166590
-1183337104
 339166252
-1183337136
1016.409424
26.479166
24963
339166590
-1183337104
 339166263
-1183337136
1016.409424
26.479166
24963
339166590
-1183337104
 339166270
-1183337132
1016.409424
26.479166
24963
339166590
-1183337104
 339166272
-1183337130
1016.409424
26.479166
24963
339166590
-1183337104
 339166272
-1183337134
1016.409424
26.479166
24963
339166590
-1183337104
 339166277
-1183337134
1016.409424
26.479166
24963
339166590
-1183337104
 339166310
-1183337122
1016.409424
26.479166
24963
339166590
-1183337104
 339166310
-1183337116
1016.409424
26.479166
24963
339166590
-1183337104
 339166319
-1183337116
1016.409424
26.479166
24963
339166590
-1183337104
 339166332
-1183337107
1016.409424
26.479166
24963
339166590
-1183337104
 339166341
-1183337097
1016.409424
26.479166
24963
339166590
-1183337104
 339166341
-1183337089
1016.409424
26.479166
24963
339166590
-1183337104
 339166357
-1183337089
1016.409424
26.479166
24963
339166590
-1183337104
 339166375
-1183337075
1016.409424
26.479166
24963
339166590
-1183337104
 339166390
-1183337064
1016.409424
26.479166
24963
339166590
-1183337104
 339166390
-1183337053
1016.409424
26.479166
24963
339166590
-1183337104
 339166410
-1183337053
1016.409424
26.479166
24963
339166590
-1183337104
 339166424
-1183337047
1016.409424
26.479166
24963
339166590
-1183337104
 339166426
-1183337039
1016.409424
26.479166
24963
339166590
-1183337104
 339166426
-1183337035
1016.409424
26.479166
24963
339166590
-1183337104
 339166436
-1183337035
1016.409424
26.479166
24963
339166590
-1183337104
 339166466
-1183337019
1016.409424
26.479166
24963
339166590
-1183337104
 339166466
-1183337014
1016.409424
26.479166
24963
339166590
-1183337104
 339166484
-1183337014
1016.409424
26.479166
24963
339166590
-1183337104
 339166495
-1183337009
1016.409424
26.479166
24963
339166590
-1183337104
 339166495
-1183337010
1016.409424
26.479166
24963
339166590
-1183337104
 339166497
-1183337010
1016.409424
26.479166
24963
339166590
-1183337104
 339166510
-1183337018
1016.409424
26.479166
24963
339166590
-1183337104
 339166510
-1183337022
1016.409424
26.479166
24963
339166590
-1183337104
 339166526
-1183337022
1016.409424
26.479166
24963
339166590
-1183337104
 339166539
-1183337023
1016.409424
26.479166
24963
339166590
-1183337104
 339166546
-1183337022
1016.409424
26.479166
24963
339166590
-1183337104
 339166546
-1183337028
1016.409424
26.479166
24963
339166590
-1183337104
 339166558
-1183337028
1016.409424
26.479166
24963
339166590
-1183337104
 339166571
-1183337034
1016.409424
26.479166
24963
339166590
-1183337104
 339166588
-1183337037
1016.409424
26.479166
24963
339166590
-1183337104
 339166588
-1183337040
1016.409424
26.479166
24963
339166590
-1183337104
 339166593
-1183337040
1016.409424
26.479166
24963
339166590
-1183337104
 339166611
-1183337043
1016.409424
26.479166
24963
339166590
-1183337104
 339166615
-1183337039
1016.409424
26.479166
24963
339166590
-1183337104
 339166615
-1183337039
1016.409424
26.479166
24963
339166590
-1183337104
 339166627
-1183337039
1016.409424
26.479166
24963
339166590
-1183337104
 339166644
-1183337044
1016.409424
26.479166
24963
339166590
-1183337104
 339166644
-1183337041
1016.409424
26.479166
24963
339166590
-1183337104
 339166662
-1183337041
1016.409424
26.479166
24963
339166590
-1183337104
 339166676
-1183337034
1016.409424
26.479166
24963
339166590
-1183337104
 339166676
-1183337035
1016.409424
26.479166
24963
339166590
-1183337104
 339166687
-1183337035
1016.409424
26.479166
24963
339166590
-1183337104
 339166711
-1183337035
1016.409424
26.479166
24963
339166590
-1183337104
 339166711
-1183337038
1016.409424
26.479166
24963
339166590
-1183337104
 339166715
-1183337038
1016.409424
26.479166
24963
339166590
-1183337104
 339166729
-1183337038
1016.409424
26.479166
24963
339166590
-1183337104
 339166723
-1183337035
1016.409424
26.479166
24963
339166590
-1183337104
 339166723
-1183337035
1016.409424
26.479166
24963
339166590
-1183337104
 339166725
-1183337035
1016.409424
26.479166
24963
339166590
-1183337104
 339166748
-1183337023
1016.409424
26.479166
24963
339166590
-1183337104
 339166748
-1183337011
1016.409424
26.479166
24963
339166590
-1183337104
 339166758
-1183337011
1016.409424
26.479166
24963
339166590
-1183337104
 339166778
-1183337004
1016.409424
26.479166
24963
339166590
-1183337104
 339166778
-1183337001
1016.409424
26.479166
24963
339166590
-1183337104
 339166792
-1183337001
1016.409424
26.479166
24963
339166590
-1183337104
 339166792
-1183336972
1016.409424
26.479166
24963
339166590
-1183337104
 339166801
-1183336964
1016.409424
26.479166
24963
339166590
-1183337104
 339166801
-1183336954
1016.409424
26.479166
24963
339166590
-1183337104
 339166813
-1183336954
1016.409424
26.479166
24963
339166590
-1183337104
 339166827
-1183336925
1016.409424
26.479166
24963
339166590
-1183337104
 339166836
-1183336913
1016.409424
26.479166
24963
339166590
-1183337104
 339166836
-1183336888
1016.409424
26.479166
24963
339166590
-1183337104
 339166833
-1183336888
1016.409424
26.479166
24963
339166590
-1183337104
 339166823
-1183336852
1016.409424
26.479166
24963
339166590
-1183337104
 339166823
-1183336824
1016.409424
26.479166
24963
339166590
-1183337104
 339166835
-1183336824
1016.409424
26.479166
24963
339166590
-1183337104
 339166834
-1183336801
1016.409424
26.479166
24963
339166590
-1183337104
 339166836
-1183336784
1016.409424
26.479166
24963
339166590
-1183337104
 339166836
-1183336769
1016.409424
26.479166
24963
339166590
-1183337104
 339166846
-1183336769
1016.409424
26.479166
24963
339166590
-1183337104
 339166840
-1183336742
1016.409424
26.479166
24963
339166590
-1183337104
 339166840
-1183336736
1016.409424
26.479166
24963
339166590
-1183337104
 339166840
-1183336736
1016.409424
26.479166
24963
339166590
-1183337104
 339166826
-1183336725
1016.409424
26.479166
24963
339166590
-1183337104
 339166826
-1183336721
1016.409424
26.479166
24963
339166590
-1183337104
 339166819
-1183336721
1016.409424
26.479166
24963
339166590
-1183337104
 339166776
-1183336730
1016.409424
26.479166
24963
339166590
-1183337104
 339166776
-1183336744
1016.409424
26.479166
24963
339166590
-1183337104
 339166751
-1183336744
1016.409424
26.479166
24963
339166590
-1183337104
 339166736
-1183336750
1016.409424
26.479166
24963
339166590
-1183337104
 339166723
-1183336754
1016.409424
26.479166
24963
339166590
-1183337104
 339166723
-1183336763
1016.409424
26.479166
24963
339166590
-1183337104
 339166707
-1183336763
1016.409424
26.479166
24963
339166590
-1183337104
 339166702
-1183336748
1016.409424
26.479166
24963
339166590
-1183337104
 339166702
-1183336730
1016.409424
26.479166
24963
339166590
-1183337104
 339166716
-1183336730
1016.409424
26.479166
24963
339166590
-1183337104
 339166730
-1183336730
1016.409424
26.479166
24963
339166590
-1183337104
 339166730
-1183336726
1016.409424
26.479166
24963
339166590
-1183337104
 339166740
-1183336726
1016.409424
26.479166
24963
339166590
-1183337104
 339166753
-1183336739
1016.409424
26.479166
24963
339166590
-1183337104
 339166753
-1183336745
1016.409424
26.479166
24963
339166590
-1183337104
 339166763
-1183336745
1016.409424
26.479166
24963
339166590
-1183337104
 339166784
-1183336745
1016.409424
26.479166
24963
339166590
-1183337104
 339166784
-1183336743
1016.409424
26.479166
24963
339166590
-1183337104
 339166787
-1183336743
1016.409424
26.479166
24963
339166590
-1183337104
 339166794
-1183336754
1016.409424
26.479166
24963
339166590
-1183337104
 339166790
-1183336766
1016.409424
26.479166
24963
339166590
-1183337104
 339166790
-1183336768
1016.409424
26.479166
24963
339166590
-1183337104
 339166784
-1183336768
1016.409424
26.479166
24963
339166590
-1183337104
 339166782
-1183336758
1016.409424
26.479166
24963
339166590
-1183337104
 339166772
-1183336757
1016.409424
26.479166
24963
339166590
-1183337104
 339166772
-1183336762
1016.409424
26.479166
24963
339166590
-1183337104
 339166767
-1183336762
1016.409424
26.479166
24963
339166590
-1183337104
 339166763
-1183336770
1016.409424
26.479166
24963
339166590
-1183337104
 339166767
-1183336749
1016.409424
26.479166
24963
339166590
-1183337104
 339166767
-1183336759
1016.409424
26.479166
24963
339166590
-1183337104
 339166773
-1183336759
1016.409424
26.479166
24963
339166590
-1183337104
 339166790
-1183336793
1016.409424
26.479166
24963
339166590
-1183337104
 339166790
-1183336806
1016.409424
26.479166
24963
339166590
-1183337104
 339166784
-1183336806
1016.409424
26.479166
24963
339166590
-1183337104
 339166774
-1183336814
1016.409424
26.479166
24963
339166590
-1183337104
 339166769
-1183336828
1016.409424
26.479166
24963
339166590
-1183337104
 339166769
-1183336843
1016.409424
26.479166
24963
339166590
-1183337104
 339166772
-1183336843
1016.409424
26.479166
24963
339166590
-1183337104
 339166766
-1183336853
1016.409424
26.479166
24963
339166590
-1183337104
 339166766
-1183336855
1016.409424
26.479166
24963
339166590
-1183337104
 339166759
-1183336855
1016.409424
26.479166
24963
339166590
-1183337104
 339166737
-1183336846
1016.409424
26.479166
24963
339166590
-1183337104
 339166720
-1183336847
1016.409424
26.479166
24963
339166590
-1183337104
 339166720
-1183336854
1016.409424
26.479166
24963
339166590
-1183337104
 339166705
-1183336854
1016.409424
26.479166
24963
339166590
-1183337104
 339166698
-1183336863
1016.409424
26.479166
24963
339166590
-1183337104
 339166696
-1183336870
1016.409424
26.479166
24963
339166590
-1183337104
 339166696
-1183336878
1016.409424
26.479166
24963
339166590
-1183337104
 339166698
-1183336878
1016.409424
26.479166
24963
339166590
-1183337104
 339166698
-1183336905
1016.409424
26.479166
24963
339166590
-1183337104
 339166698
-1183336913
1016.409424
26.479166
24963
339166590
-1183337104
 339166696
-1183336913
1016.409424
26.479166
24963
339166590
-1183337104
 339166692
-1183336916
1016.409424
26.479166
24963
339166590
-1183337104
 339166692
-1183336917
1016.409424
26.479166
24963
339166590
-1183337104
 339166694
-1183336917
1016.409424
26.479166
24963
339166590
-1183337104
 339166686
-1183336905
1016.409424
26.479166
24963
339166590
-1183337104
 339166686
-1183336889
1016.409424
26.479166
24963
339166590
-1183337104
 339166685
-1183336889
1016.409424
26.479166
24963
339166590
-1183337104
 339166678
-1183336874
1016.409424
26.479166
24963
339166590
-1183337104
 339166679
-1183336874
1016.409424
26.479166
24963
339166590
-1183337104
 339166679
-1183336867
1016.409424
26.479166
24963
339166590
-1183337104
 339166677
-1183336867
1016.409424
26.479166
24963
339166590
-1183337104
 339166683
-1183336853
1016.409424
26.479166
24963
339166590
-1183337104
 339166683
-1183336849
1016.409424
26.479166
24963
339166590
-1183337104
 339166684
-1183336849
1016.409424
26.479166
24963
339166590
-1183337104
 339166688
-1183336848
1016.409424
26.479166
24963
339166590
-1183337104
 339166699
-1183336845
1016.409424
26.479166
24963
339166590
-1183337104
 339166699
-1183336840
1016.409424
26.479166
24963
339166590
-1183337104
 339166704
-1183336840
1016.409424
26.479166
24963
339166590
-1183337104
 339166710
-1183336827
1016.409424
26.479166
24963
339166590
-1183337104
 339166710
-1183336816
1016.409424
26.479166
24963
339166590
-1183337104
 339166717
-1183336816
1016.409424
26.479166
24963
339166590
-1183337104
 339166746
-1183336801
1016.409424
26.479166
24963
339166590
-1183337104
 339166746
-1183336794
1016.409424
26.479166
24963
339166590
-1183337104
 339166756
-1183336794
1016.409424
26.479166
24963
339166590
-1183337104
 339166775
-1183336788
1016.409424
26.479166
24963
339166590
-1183337104
 339166775
-1183336790
1016.409424
26.479166
24963
339166590
-1183337104
 339166793
-1183336790
1016.409424
26.479166
24963
339166590
-1183337104
 339166831
-1183336813
1016.409424
26.479166
24963
339166590
-1183337104
 339166831
-1183336818
1016.409424
26.479166
24963
339166590
-1183337104
 339166859
-1183336818
1016.409424
26.479166
24963
339166590
-1183337104
 339166915
-1183336814
1016.409424
26.479166
24963
339166590
-1183337104
 339166915
-1183336807
1016.409424
26.479166
24963
339166590
-1183337104
 339166927
-1183336807
1016.409424
26.479166
24963
339166590
-1183337104
 339166947
-1183336799
1016.409424
26.479166
24963
339166590
-1183337104
 339166975
-1183336807
1016.409424
26.479166
24963
339166590
-1183337104
 339166975
-1183336809
1016.409424
26.479166
24963
339166590
-1183337104
 339166998
-1183336809
1016.409424
26.479166
24963
339166590
-1183337104
 339167028
-1183336820
1016.409424
26.479166
24963
339166590
-1183337104
 339167028
-1183336840
1016.409424
26.479166
24963
339166590
-1183337104
 339167034
-1183336840
1016.409424
26.479166
24963
339166590
-1183337104
 339167075
-1183336820
1016.409424
26.479166
24963
339166590
-1183337104
 339167075
-1183336820
1016.409424
26.479166
24963
339166590
-1183337104
 339167087
-1183336820
1016.409424
26.479166
24963
339166590
-1183337104
 339167118
-1183336813
1016.409424
26.479166
24963
339166590
-1183337104
 339167118
-1183336825
1016.409424
26.479166
24963
339166590
-1183337104
 339167123
-1183336825
1016.409424
26.479166
24963
339166590
-1183337104
 339167146
-1183336808
1016.409424
26.479166
24963
339166590
-1183337104
 339167146
-1183336833
1016.409424
26.479166
24963
339166590
-1183337104
 339167140
-1183336833
1016.409424
26.479166
24963
339166590
-1183337104
 339167148
-1183336834
1016.409424
26.479166
24963
339166590
-1183337104
 339167129
-1183336867
1016.409424
26.479166
24963
339166590
-1183337104
 339167129
-1183336862
1016.409424
26.479166
24963
339166590
-1183337104
 339167123
-1183336862
1016.409424
26.479166
24963
339166590
-1183337104
 339167114
-1183336838
1016.409424
26.479166
24963
339166590
-1183337104
 339167114
-1183336844
1016.409424
26.479166
24963
339166590
-1183337104
 339167100
-1183336844
1016.409424
26.479166
24963
339166590
-1183337104
 339167078
-1183336899
1016.409424
26.479166
24963
339166590
-1183337104
 339167078
-1183336938
1016.409424
26.479166
24963
339166590
-1183337104
 339167064
-1183336938
1016.409424
26.479166
24963
339166590
-1183337104
 339167056
-1183336959
1016.409424
26.479166
24963
339166590
-1183337104
 339167051
-1183336979
1016.409424
26.479166
24963
339166590
-1183337104
 339167051
-1183336996
1016.409424
26.479166
24963
339166590
-1183337104
 339167048
-1183336996
1016.409424
26.479166
24963
339166590
-1183337104
 339167045
-1183337030
1016.409424
26.479166
24963
339166590
-1183337104
 339167042
-1183337045
1016.409424
26.479166
24963
339166590
-1183337104
 339167042
-1183337059
1016.409424
26.479166
24963
339166590
-1183337104
 339167032
-1183337059
1016.409424
26.479166
24963
339166590
-1183337104
 339167035
-1183337078
1016.409424
26.479166
24963
339166590
-1183337104
 339167043
-1183337106
1016.409424
26.479166
24963
339166590
-1183337104
 339167043
-1183337116
1016.409424
26.479166
24963
339166590
-1183337104
 339167049
-1183337116
1016.409424
26.479166
24963
339166590
-1183337104
 339167048
-1183337108
1016.409424
26.479166
24963
339166590
-1183337104
 339167055
-1183337098
1016.409424
26.479166
24963
339166590
-1183337104
 339167055
-1183337088
1016.409424
26.479166
24963
339166590
-1183337104
 339167062
-1183337088
1016.409424
26.479166
24963
339166590
-1183337104
 339167059
-1183337088
1016.409424
26.479166
24963
339166590
-1183337104
 339167051
-1183337093
1016.409424
26.479166
24963
339166590
-1183337104
 339167051
-1183337097
1016.409424
26.479166
24963
339166590
-1183337104
 339167049
-1183337097
1016.409424
26.479166
24963
339166590
-1183337104
 339167050
-1183337106
1016.409424
26.479166
24963
339166590
-1183337104
 339167064
-1183337131
1016.409424
26.479166
24963
339166590
-1183337104
 339167064
-1183337160
1016.409424
26.479166
24963
339166590
-1183337104
 339167063
-1183337160
1016.409424
26.479166
24963
339166590
-1183337104
 339167062
-1183337216
1016.409424
26.479166
24963
339166590
-1183337104
 339167062
-1183337230
1016.409424
26.479166
24963
339166590
-1183337104
 339167062
-1183337230
1016.409424
26.479166
24963
339166590
-1183337104
 339167059
-1183337258
1016.409424
26.479166
24963
339166590
-1183337104
 339167056
-1183337281
1016.409424
26.479166
24963
339166590
-1183337104
 339167056
-1183337296
1016.409424
26.479166
24963
339166590
-1183337104
 339167055
-1183337296
1016.409424
26.479166
24963
339166590
-1183337104
 339167046
-1183337323
1016.409424
26.479166
24963
339166590
-1183337104
 339167046
-1183337337
1016.409424
26.479166
24963
339166590
-1183337104
 339167040
-1183337337
1016.409424
26.479166
24963
339166590
-1183337104
 339167036
-1183337344
1016.409424
26.479166
24963
339166590
-1183337104
 339167025
-1183337353
1016.409424
26.479166
24963
339166590
-1183337104
 339167025
-1183337357
1016.409424
26.479166
24963
339166590
-1183337104
 339167019
-1183337357
1016.409424
26.479166
24963
339166590
-1183337104
 339166996
-1183337350
1016.409424
26.479166
24963
339166590
-1183337104
 339166996
-1183337357
1016.409424
26.479166
24963
339166590
-1183337104
 339166986
-1183337357
1016.409424
26.479166
24963
339166590
-1183337104
 339166985
-1183337374
1016.409424
26.479166
24963
339166590
-1183337104
 339166985
-1183337384
1016.409424
26.479166
24963
339166590
-1183337104
 339166976
-1183337384
1016.409424
26.479166
24963
339166590
-1183337104
 339166965
-1183337430
1016.409424
26.479166
24963
339166590
-1183337104
 339166965
-1183337433
1016.409424
26.479166
24963
339166590
-1183337104
 339166955
-1183337433
1016.409424
26.479166
24963
339166590
-1183337104
 339166901
-1183337534
1016.409424
26.479166
24963
339166590
-1183337104
 339166901
-1183337571
1016.409424
26.479166
24963
339166590
-1183337104
 339166885
-1183337571
1016.409424
26.479166
24963
339166590
-1183337104
 339166886
-1183337591
1016.409424
26.479166
24963
339166590
-1183337104
 339166881
-1183337612
1016.409424
26.479166
24963
339166590
-1183337104
 339166881
-1183337606
1016.409424
26.479166
24963
339166590
-1183337104
 339166879
-1183337606
1016.409424
26.479166
24963
339166590
-1183337104
 339166871
-1183337590
1016.409424
26.479166
24963
339166590
-1183337104
 339166871
-1183337583
1016.409424
26.479166
24963
339166590
-1183337104
 339166865
-1183337583
1016.409424
26.479166
24963
339166590
-1183337104
 339166865
-1183337566
1016.409424
26.479166
24963
339166590
-1183337104
 339166858
-1183337567
1016.409424
26.479166
24963
339166590
-1183337104
 339166858
-1183337546
1016.409424
26.479166
24963
339166590
-1183337104
 339166854
-1183337546
1016.409424
26.479166
24963
339166590
-1183337104
 339166851
-1183337550
1016.409424
26.479166
24963
339166590
-1183337104
 339166847
-1183337549
1016.409424
26.479166
24963
339166590
-1183337104
 339166847
-1183337525
1016.409424
26.479166
24963
339166590
-1183337104
 339166850
-1183337525
1016.409424
26.479166
24963
339166590
-1183337104
 339166844
-1183337538
1016.409424
26.479166
24963
339166590
-1183337104
 339166836
-1183337538
1016.409424
26.479166
24963
339166590
-1183337104
 339166836
-1183337535
1016.409424
26.479166
24963
339166590
-1183337104
 339166829
-1183337535
1016.409424
26.479166
24963
339166590
-1183337104
 339166816
-1183337540
1016.409424
26.479166
24963
339166590
-1183337104
 339166803
-1183337551
1016.409424
26.479166
24963
339166590
-1183337104
 339166803
-1183337576
1016.409424
26.479166
24963
339166590
-1183337104
 339166794
-1183337576
1016.409424
26.479166
24963
339166590
-1183337104
 339166769
-1183337598
1016.409424
26.479166
24963
339166590
-1183337104
 339166769
-1183337650
1016.409424
26.479166
24963
339166590
-1183337104
 339166756
-1183337650
1016.409424
26.479166
24963
339166590
-1183337104
 339166748
-1183337667
1016.409424
26.479166
24963
339166590
-1183337104
 339166739
-1183337664
1016.409424
26.479166
24963
339166590
-1183337104
 339166739
-1183337689
1016.409424
26.479166
24963
339166590
-1183337104
 339166730
-1183337689
1016.409424
26.479166
24963
339166590
-1183337104
 339166694
-1183337742
1016.409424
26.479166
24963
339166590
-1183337104
 339166694
-1183337754
1016.409424
26.479166
24963
339166590
-1183337104
 339166681
-1183337754
1016.409424
26.479166
24963
339166590
-1183337104
 339166675
-1183337755
1016.409424
26.479166
24963
339166590
-1183337104
 339166667
-1183337776
1016.409424
26.479166
24963
339166590
-1183337104
 339166667
-1183337793
1016.409424
26.479166
24963
339166590
-1183337104
 339166663
-1183337793
1016.409424
26.479166
24963
339166590
-1183337104
 339166665
-1183337797
1016.409424
26.479166
24963
339166590
-1183337104
 339166665
-1183337787
1016.409424
26.479166
24963
339166590
-1183337104
 339166668
-1183337787
1016.409424
26.479166
24963
339166590
-1183337104
 339166683
-1183337765
1016.409424
26.479166
24963
339166590
-1183337104
 339166683
-1183337754
1016.409424
26.479166
24963
339166590
-1183337104
 339166689
-1183337754
1016.409424
26.479166
24963
339166590
-1183337104
 339166688
-1183337740
1016.409424
26.479166
24963
339166590
-1183337104
 339166688
-1183337737
1016.409424
26.479166
24963
339166590
-1183337104
 339166688
-1183337718
1016.409424
26.479166
24963
339166590
-1183337104
 339166696
-1183337718
1016.409424
26.479166
24963
339166590
-1183337104
 339166704
-1183337713
1016.409424
26.479166
24963
339166590
-1183337104
 339166705
-1183337703
1016.409424
26.479166
24963
339166590
-1183337104
 339166705
-1183337677
1016.409424
26.479166
24963
339166590
-1183337104
 339166701
-1183337677
1016.409424
26.479166
24963
339166590
-1183337104
 339166702
-1183337673
1016.409424
26.479166
24963
339166590
-1183337104
 339166702
-1183337659
1016.409424
26.479166
24963
339166590
-1183337104
 339166703
-1183337659
1016.409424
26.479166
24963
339166590
-1183337104
 339166696
-1183337657
1016.409424
26.479166
24963
339166590
-1183337104
 339166696
-1183337658
1016.409424
26.479166
24963
339166590
-1183337104
 339166693
-1183337658
1016.409424
26.479166
24963
339166590
-1183337104
 339166685
-1183337660
1016.409424
26.479166
24963
339166590
-1183337104
 339166684
-1183337655
1016.409424
26.479166
24963
339166590
-1183337104
 339166684
-1183337635
1016.409424
26.479166
24963
339166590
-1183337104
 339166676
-1183337635
1016.409424
26.479166
24963
339166590
-1183337104
 339166671
-1183337612
1016.409424
26.479166
24963
339166590
-1183337104
 339166672
-1183337594
1016.409424
26.479166
24963
339166590
-1183337104
 339166672
-1183337572
1016.409424
26.479166
24963
339166590
-1183337104
 339166670
-1183337572
1016.409424
26.479166
24963
339166590
-1183337104
 339166673
-1183337519
1016.409424
26.479166
24963
339166590
-1183337104
 339166673
-1183337490
1016.409424
26.479166
24963
339166590
-1183337104
 339166674
-1183337490
1016.409424
26.479166
24963
339166590
-1183337104
 339166678
-1183337456
1016.409424
26.479166
24963
339166590
-1183337104
 339166678
-1183337443
1016.409424
26.479166
24963
339166590
-1183337104
 339166683
-1183337443
1016.409424
26.479166
24963
339166590
-1183337104
 339166683
-1183337407
1016.409424
26.479166
24963
339166590
-1183337104
 339166683
-1183337390
1016.409424
26.479166
24963
339166590
-1183337104
 339166680
-1183337390
1016.409424
26.479166
24963
339166590
-1183337104
 339166677
-1183337376
1016.409424
26.479166
24963
339166590
-1183337104
 339166673
-1183337363
1016.409424
26.479166
24963
339166590
-1183337104
 339166673
-1183337335
1016.409424
26.479166
24963
339166590
-1183337104
 339166677
-1183337335
1016.409424
26.479166
24963
339166590
-1183337104
 339166679
-1183337311
1016.409424
26.479166
24963
339166590
-1183337104
 339166685
-1183337290
1016.409424
26.479166
24963
339166590
-1183337104
 339166685
-1183337283
1016.409424
26.479166
24963
339166590
-1183337104
 339166701
-1183337283
1016.409424
26.479166
24963
339166590
-1183337104
 339166684
-1183337272
1016.409424
26.479166
24963
339166590
-1183337104
 339166684
-1183337254
1016.409424
26.479166
24963
339166590
-1183337104
 339166679
-1183337254
1016.409424
26.479166
24963
339166590
-1183337104
 339166669
-1183337248
1016.409424
26.479166
24963
339166590
-1183337104
 339166669
-1183337238
1016.409424
26.479166
24963
339166590
-1183337104
 339166650
-1183337238
1016.409424
26.479166
24963
339166590
-1183337104
 339166623
-1183337215
1016.409424
26.479166
24963
339166590
-1183337104
 339166623
-1183337212
1016.409424
26.479166
24963
339166590
-1183337104
 339166614
-1183337212
1016.409424
26.479166
24963
339166590
-1183337104
 339166595
-1183337200
1016.409424
26.479166
24963
339166590
-1183337104
 339166595
-1183337196
1016.409424
26.479166
24963
339166590
-1183337104
 339166586
-1183337196
1016.409424
26.479166
24963
339166590
-1183337104
 339166552
-1183337187
1016.409424
26.479166
24963
339166590
-1183337104
 339166552
-1183337168
1016.409424
26.479166
24963
339166590
-1183337104
 339166528
-1183337168
1016.409424
26.479166
24963
339166590
-1183337104
 339166501
-1183337147
1016.409424
26.479166
24963
339166590
-1183337104
 339166501
-1183337154
1016.409424
26.479166
24963
339166590
-1183337104
 339166506
-1183337154
1016.409424
26.479166
24963
339166590
-1183337104
 339166505
-1183337156
1016.409424
26.479166
24963
339166590
-1183337104
 339166505
-1183337139
1016.409424
26.479166
24963
339166590
-1183337104
 339166502
-1183337139
1016.409424
26.479166
24963
339166590
-1183337104
 339166506
-1183337128
1016.409424
26.479166
24963
339166590
-1183337104
 339166507
-1183337108
1016.409424
26.479166
24963
339166590
-1183337104
 339166507
-1183337079
1016.409424
26.479166
24963
339166590
-1183337104
 339166501
-1183337079
1016.409424
26.479166
24963
339166590
-1183337104
 339166504
-1183337057
1016.409424
26.479166
24963
339166590
-1183337104
 339166490
-1183337032
1016.409424
26.479166
24963
339166590
-1183337104
 339166490
-1183337005
1016.409424
26.479166
24963
339166590
-1183337104
 339166471
-1183337005
1016.409424
26.479166
24963
339166590
-1183337104
 339166432
-1183336993
1016.409424
26.479166
24963
339166590
-1183337104
 339166432
-1183336989
1016.409424
26.479166
24963
339166590
-1183337104
 339166424
-1183336989
1016.409424
26.479166
24963
339166590
-1183337104
 339166401
-1183336971
1016.409424
26.479166
24963
339166590
-1183337104
 339166385
-1183336953
1016.409424
26.479166
24963
339166590
-1183337104
 339166385
-1183336936
1016.409424
26.479166
24963
339166590
-1183337104
 339166364
-1183336936
1016.409424
26.479166
24963
339166590
-1183337104
 339166325
-1183336913
1016.409424
26.479166
24963
339166590
-1183337104
 339166325
-1183336868
1016.409424
26.479166
24963
339166590
-1183337104
 339166271
-1183336868
1016.409424
26.479166
24963
339166590
-1183337104
 339166228
-1183336834
1016.409424
26.479166
24963
339166590
-1183337104
 339166228
-1183336816
1016.409424
26.479166
24963
339166590
-1183337104
 339166223
-1183336816
1016.409424
26.479166
24963
339166590
-1183337104
 339166208
-1183336797
1016.409424
26.479166
24963
339166590
-1183337104
 339166198
-1183336784
1016.409424
26.479166
24963
339166590
-1183337104
 339166198
-1183336768
1016.409424
26.479166
24963
339166590
-1183337104
 339166181
-1183336768
1016.409424
26.479166
24963
339166590
-1183337104
 339166158
-1183336750
1016.409424
26.479166
24963
339166590
-1183337104
 339166127
-1183336726
1016.409424
26.479166
24963
339166590
-1183337104
 339166127
-1183336715
1016.409424
26.479166
24963
339166590
-1183337104
 339166123
-1183336715
1016.409424
26.479166
24963
339166590
-1183337104
 339166127
-1183336715
1016.409424
26.479166
24963
339166590
-1183337104
 339166127
-1183336722
1016.409424
26.479166
24963
339166590
-1183337104
 339166122
-1183336722
1016.409424
26.479166
24963
339166590
-1183337104
 339166120
-1183336720
1016.409424
26.479166
24963
339166590
-1183337104
 339166089
-1183336704
1016.409424
26.479166
24963
339166590
-1183337104
 339166089
-1183336711
1016.409424
26.479166
24963
339166590
-1183337104
 339166092
-1183336711
1016.409424
26.479166
24963
339166590
-1183337104
 339166077
-1183336705
1016.409424
26.479166
24963
339166590
-1183337104
 339166077
-1183336698
1016.409424
26.479166
24963
339166590
-1183337104
 339166070
-1183336698
1016.409424
26.479166
24963
339166590
-1183337104
 339166092
-1183336720
1016.409424
26.479166
24963
339166590
-1183337104
 339166101
-1183336731
1016.409424
26.479166
24963
339166590
-1183337104
 339166101
-1183336742
1016.409424
26.479166
24963
339166590
-1183337104
 339166111
-1183336742
1016.409424
26.479166
24963
339166590
-1183337104
 339166106
-1183336737
1016.409424
26.479166
24963
339166590
-1183337104
 339166106
-1183336736
1016.409424
26.479166
24963
339166590
-1183337104
 339166104
-1183336736
1016.409424
26.479166
24963
339166590
-1183337104
 339166114
-1183336743
1016.409424
26.479166
24963
339166590
-1183337104
 339166125
-1183336768
1016.409424
26.479166
24963
339166590
-1183337104
 339166125
-1183336776
1016.409424
26.479166
24963
339166590
-1183337104
 339166152
-1183336776
1016.409424
26.479166
24963
339166590
-1183337104
 339166166
-1183336786
1016.409424
26.479166
24963
339166590
-1183337104
 339166193
-1183336795
1016.409424
26.479166
24963
339166590
-1183337104
 339166193
-1183336803
1016.409424
26.479166
24963
339166590
-1183337104
 339166212
-1183336803
1016.409424
26.479166
24963
339166590
-1183337104
 339166269
-1183336832
1016.409424
26.479166
24963
339166590
-1183337104
 339166269
-1183336842
1016.409424
26.479166
24963
339166590
-1183337104
 339166305
-1183336842
1016.409424
26.479166
24963
339166590
-1183337104
 339166357
-1183336868
1016.409424
26.479166
24963
339166590
-1183337104
 339166357
-1183336874
1016.409424
26.479166
24963
339166590
-1183337104
 339166383
-1183336874
1016.409424
26.479166
24963
339166590
-1183337104
 339166416
-1183336882
1016.409424
26.479166
24963
339166590
-1183337104
 339166416
-1183336882
1016.409424
26.479166
24963
339166590
-1183337104
 339166427
-1183336882
1016.409424
26.479166
24963
339166590
-1183337104
 339166411
-1183336869
1016.409424
26.479166
24963
339166590
-1183337104
 339166409
-1183336870
1016.409424
26.479166
24963
339166590
-1183337104
 339166409
-1183336850
1016.409424
26.479166
24963
339166590
-1183337104
 339166403
-1183336850
1016.409424
26.479166
24963
339166590
-1183337104
 339166398
-1183336841
1016.409424
26.479166
24963
339166590
-1183337104
 339166398
-1183336844
1016.409424
26.479166
24963
339166590
-1183337104
 339166417
-1183336844
1016.409424
26.479166
24963
339166590
-1183337104
 339166437
-1183336851
1016.409424
26.479166
24963
339166590
-1183337104
 339166437
-1183336846
1016.409424
26.479166
24963
339166590
-1183337104
 339166455
-1183336846
1016.409424
26.479166
24963
339166590
-1183337104
 339166465
-1183336849
1016.409424
26.479166
24963
339166590
-1183337104
 339166470
-1183336856
1016.409424
26.479166
24963
339166590
-1183337104
 339166470
-1183336859
1016.409424
26.479166
24963
339166590
-1183337104
 339166483
-1183336859
1016.409424
26.479166
24963
339166590
-1183337104
 339166504
-1183336856
1016.409424
26.479166
24963
339166590
-1183337104
 339166504
-1183336862
1016.409424
26.479166
24963
339166590
-1183337104
 339166515
-1183336862
1016.409424
26.479166
24963
339166590
-1183337104
 339166547
-1183336843
1016.409424
26.479166
24963
339166590
-1183337104
 339166547
-1183336841
1016.409424
26.479166
24963
339166590
-1183337104
 339166553
-1183336841
1016.409424
26.479166
24963
339166590
-1183337104
 339166557
-1183336832
1016.409424
26.479166
24963
339166590
-1183337104
 339166557
-1183336815
1016.409424
26.479166
24963
339166590
-1183337104
 339166569
-1183336815
1016.409424
26.479166
24963
339166590
-1183337104
 339166588
-1183336787
1016.409424
26.479166
24963
339166590
-1183337104
 339166588
-1183336785
1016.409424
26.479166
24963
339166590
-1183337104
 339166593
-1183336785
1016.409424
26.479166
24963
339166590
-1183337104
 339166593
-1183336751
1016.409424
26.479166
24963
339166590
-1183337104
 339166593
-1183336734
1016.409424
26.479166
24963
339166590
-1183337104
 339166589
-1183336734
1016.409424
26.479166
24963
339166590
-1183337104
 339166584
-1183336714
1016.409424
26.479166
24963
339166590
-1183337104
 339166584
-1183336717
1016.409424
26.479166
24963
339166590
-1183337104
 339166583
-1183336717
1016.409424
26.479166
24963
339166590
-1183337104
 339166617
-1183336703
1016.409424
26.479166
24963
339166590
-1183337104
 339166617
-1183336681
1016.409424
26.479166
24963
339166590
-1183337104
 339166627
-1183336681
1016.409424
26.479166
24963
339166590
-1183337104
 339166639
-1183336630
1016.409424
26.479166
24963
339166590
-1183337104
 339166639
-1183336602
1016.409424
26.479166
24963
339166590
-1183337104
 339166641
-1183336602
1016.409424
26.479166
24963
339166590
-1183337104
 339166664
-1183336594
1016.409424
26.479166
24963
339166590
-1183337104
 339166696
-1183336607
1016.409424
26.479166
24963
339166590
-1183337104
 339166696
-1183336601
1016.409424
26.479166
24963
339166590
-1183337104
 339166712
-1183336601
1016.409424
26.479166
24963
339166590
-1183337104
 339166755
-1183336624
1016.409424
26.479166
24963
339166590
-1183337104
 339166755
-1183336638
1016.409424
26.479166
24963
339166590
-1183337104
 339166777
-1183336638
1016.409424
26.479166
24963
339166590
-1183337104
 339166785
-1183336634
1016.409424
26.479166
24963
339166590
-1183337104
 339166777
-1183336616
1016.409424
26.479166
24963
339166590
-1183337104
 339166777
-1183336617
1016.409424
26.479166
24963
339166590
-1183337104
 339166780
-1183336617
1016.409424
26.479166
24963
339166590
-1183337104
 339166795
-1183336598
1016.409424
26.479166
24963
339166590
-1183337104
 339166795
-1183336624
1016.409424
26.479166
24963
339166590
-1183337104
 339166825
-1183336624
1016.409424
26.479166
24963
339166590
-1183337104
 339166868
-1183336627
1016.409424
26.479166
24963
339166590
-1183337104
 339166868
-1183336618
1016.409424
26.479166
24963
339166590
-1183337104
 339166860
-1183336618
1016.409424
26.479166
24963
339166590
-1183337104
 339166844
-1183336622
1016.409424
26.479166
24963
339166590
-1183337104
 339166844
-1183336619
1016.409424
26.479166
24963
339166590
-1183337104
 339166850
-1183336619
1016.409424
26.479166
24963
339166590
-1183337104
 339166856
-1183336617
1016.409424
26.479166
24963
339166590
-1183337104
 339166856
-1183336610
1016.409424
26.479166
24963
339166590
-1183337104
 339166835
-1183336610
1016.409424
26.479166
24963
339166590
-1183337104
 339166839
-1183336604
1016.409424
26.479166
24963
339166590
-1183337104
 339166839
-1183336591
1016.409424
26.479166
24963
339166590
-1183337104
 339166819
-1183336591
1016.409424
26.479166
24963
339166590
-1183337104
 339166816
-1183336596
1016.409424
26.479166
24963
339166590
-1183337104
 339166796
-1183336599
1016.409424
26.479166
24963
339166590
-1183337104
 339166796
-1183336611
1016.409424
26.479166
24963
339166590
-1183337104
 339166786
-1183336611
1016.409424
26.479166
24963
339166590
-1183337104
 339166776
-1183336611
1016.409424
26.479166
24963
339166590
-1183337104
 339166765
-1183336607
1016.409424
26.479166
24963
339166590
-1183337104
 339166765
-1183336597
1016.409424
26.479166
24963
339166590
-1183337104
 339166749
-1183336597
1016.409424
26.479166
24963
339166590
-1183337104
 339166744
-1183336575
1016.409424
26.479166
24963
339166590
-1183337104
 339166744
-1183336576
1016.409424
26.479166
24963
339166590
-1183337104
 339166755
-1183336576
1016.409424
26.479166
24963
339166590
-1183337104
 339166794
-1183336614
1016.409424
26.479166
24963
339166590
-1183337104
 339166794
-1183336631
1016.409424
26.479166
24963
339166590
-1183337104
 339166808
-1183336631
1016.409424
26.479166
24963
339166590
-1183337104
 339166801
-1183336639
1016.409424
26.479166
24963
339166590
-1183337104
 339166801
-1183336657
1016.409424
26.479166
24963
339166590
-1183337104
 339166809
-1183336657
1016.409424
26.479166
24963
339166590
-1183337104
 339166830
-1183336693
1016.409424
26.479166
24963
339166590
-1183337104
 339166830
-1183336707
1016.409424
26.479166
24963
339166590
-1183337104
 339166841
-1183336707
1016.409424
26.479166
24963
339166590
-1183337104
 339166857
-1183336702
1016.409424
26.479166
24963
339166590
-1183337104
 339166857
-1183336694
1016.409424
26.479166
24963
339166590
-1183337104
 339166869
-1183336694
1016.409424
26.479166
24963
339166590
-1183337104
 339166878
-1183336686
1016.409424
26.479166
24963
339166590
-1183337104
 339166878
-1183336674
1016.409424
26.479166
24963
339166590
-1183337104
 339166887
-1183336674
1016.409424
26.479166
24963
339166590
-1183337104
 339166893
-1183336665
1016.409424
26.479166
24963
339166590
-1183337104
 339166902
-1183336657
1016.409424
26.479166
24963
339166590
-1183337104
 339166902
-1183336657
1016.409424
26.479166
24963
339166590
-1183337104
 339166898
-1183336657
1016.409424
26.479166
24963
339166590
-1183337104
 339166887
-1183336656
1016.409424
26.479166
24963
339166590
-1183337104
 339166883
-1183336654
1016.409424
26.479166
24963
339166590
-1183337104
 339166883
-1183336630
1016.409424
26.479166
24963
339166590
-1183337104
 339166881
-1183336630
1016.409424
26.479166
24963
339166590
-1183337104
 339166857
-1183336638
1016.409424
26.479166
24963
339166590
-1183337104
 339166857
-1183336648
1016.409424
26.479166
24963
339166590
-1183337104
 339166845
-1183336648
1016.409424
26.479166
24963
339166590
-1183337104
 339166832
-1183336651
1016.409424
26.479166
24963
339166590
-1183337104
 339166832
-1183336662
1016.409424
26.479166
24963
339166590
-1183337104
 339166829
-1183336662
1016.409424
26.479166
24963
339166590
-1183337104
 339166828
-1183336670
1016.409424
26.479166
24963
339166590
-1183337104
 339166828
-1183336686
1016.409424
26.479166
24963
339166590
-1183337104
 339166830
-1183336686
1016.409424
26.479166
24963
339166590
-1183337104
 339166839
-1183336701
1016.409424
26.479166
24963
339166590
-1183337104
 339166846
-1183336714
1016.409424
26.479166
24963
339166590
-1183337104
 339166846
-1183336745
1016.409424
26.479166
24963
339166590
-1183337104
 339166845
-1183336745
1016.409424
26.479166
24963
339166590
-1183337104
 339166846
-1183336791
1016.409424
26.479166
24963
339166590
-1183337104
 339166846
-1183336812
1016.409424
26.479166
24963
339166590
-1183337104
 339166843
-1183336812
1016.409424
26.479166
24963
339166590
-1183337104
 339166838
-1183336823
1016.409424
26.479166
24963
339166590
-1183337104
 339166838
-1183336842
1016.409424
26.479166
24963
339166590
-1183337104
 339166838
-1183336865
1016.409424
26.479166
24963
339166590
-1183337104
 339166837
-1183336865
1016.409424
26.479166
24963
339166590
-1183337104
 339166857
-1183336894
1016.409424
26.479166
24963
339166590
-1183337104
 339166857
-1183336903
1016.409424
26.479166
24963
339166590
-1183337104
 339166874
-1183336903
1016.409424
26.479166
24963
339166590
-1183337104
 339166874
-1183336910
1016.409424
26.479166
24963
339166590
-1183337104
 339166874
-1183336917
1016.409424
26.479166
24963
339166590
-1183337104
 339166871
-1183336917
1016.409424
26.479166
24963
339166590
-1183337104
 339166858
-1183336924
1016.409424
26.479166
24963
339166590
-1183337104
 339166858
-1183336915
1016.409424
26.479166
24963
339166590
-1183337104
 339166858
-1183336915
1016.409424
26.479166
24963
339166590
-1183337104
 339166851
-1183336920
1016.409424
26.479166
24963
339166590
-1183337104
 339166840
-1183336909
1016.409424
26.479166
24963
339166590
-1183337104
 339166840
-1183336906
1016.409424
26.479166
24963
339166590
-1183337104
 339166830
-1183336906
1016.409424
26.479166
24963
339166590
-1183337104
 339166798
-1183336874
1016.409424
26.479166
24963
339166590
-1183337104
 339166798
-1183336856
1016.409424
26.479166
24963
339166590
-1183337104
 339166776
-1183336856
1016.409424
26.479166
24963
339166590
-1183337104
 339166747
-1183336826
1016.409424
26.479166
24963
339166590
-1183337104
 339166747
-1183336823
1016.409424
26.479166
24963
339166590
-1183337104
 339166726
-1183336823
1016.409424
26.479166
24963
339166590
-1183337104
 339166693
-1183336810
1016.409424
26.479166
24963
339166590
-1183337104
 339166693
-1183336802
1016.409424
26.479166
24963
339166590
-1183337104
 339166677
-1183336802
1016.409424
26.479166
24963
339166590
-1183337104
 339166641
-1183336801
1016.409424
26.479166
24963
339166590
-1183337104
 339166641
-1183336788
1016.409424
26.479166
24963
339166590
-1183337104
 339166633
-1183336788
1016.409424
26.479166
24963
339166590
-1183337104
 339166593
-1183336772
1016.409424
26.479166
24963
339166590
-1183337104
 339166593
-1183336774
1016.409424
26.479166
24963
339166590
-1183337104
 339166578
-1183336774
1016.409424
26.479166
24963
339166590
-1183337104
 339166553
-1183336763
1016.409424
26.479166
24963
339166590
-1183337104
 339166553
-1183336753
1016.409424
26.479166
24963
339166590
-1183337104
 339166541
-1183336753
1016.409424
26.479166
24963
339166590
-1183337104
 339166530
-1183336748
1016.409424
26.479166
24963
339166590
-1183337104
 339166530
-1183336751
1016.409424
26.479166
24963
339166590
-1183337104
 339166533
-1183336751
1016.409424
26.479166
24963
339166590
-1183337104
 339166552
-1183336743
1016.409424
26.479166
24963
339166590
-1183337104
 339166552
-1183336744
1016.409424
26.479166
24963
339166590
-1183337104
 339166562
-1183336744
1016.409424
26.479166
24963
339166590
-1183337104
 339166575
-1183336736
1016.409424
26.479166
24963
339166590
-1183337104
 339166575
-1183336730
1016.409424
26.479166
24963
339166590
-1183337104
 339166582
-1183336730
1016.409424
26.479166
24963
339166590
-1183337104
 339166589
-1183336728
1016.409424
26.479166
24963
339166590
-1183337104
 339166598
-1183336717
1016.409424
26.479166
24963
339166590
-1183337104
 339166598
-1183336698
1016.409424
26.479166
24963
339166590
-1183337104
 339166608
-1183336698
1016.409424
26.479166
24963
339166590
-1183337104
 339166612
-1183336684
1016.409424
26.479166
24963
339166590
-1183337104
 339166617
-1183336679
1016.409424
26.479166
24963
339166590
-1183337104
 339166617
-1183336678
1016.409424
26.479166
24963
339166590
-1183337104
 339166629
-1183336678
1016.409424
26.479166
24963
339166590
-1183337104
 339166643
-1183336673
1016.409424
26.479166
24963
339166590
-1183337104
 339166643
-1183336675
1016.409424
26.479166
24963
339166590
-1183337104
 339166652
-1183336675
1016.409424
26.479166
24963
339166590
-1183337104
 339166657
-1183336675
1016.409424
26.479166
24963
339166590
-1183337104
 339166661
-1183336668
1016.409424
26.479166
24963
339166590
-1183337104
 339166661
-1183336669
1016.409424
26.479166
24963
339166590
-1183337104
 339166663
-1183336669
1016.409424
26.479166
24963
339166590
-1183337104
 339166675
-1183336675
1016.409424
26.479166
24963
339166590
-1183337104
 339166675
-1183336675
1016.409424
26.479166
24963
339166590
-1183337104
 339166683
-1183336675
1016.409424
26.479166
24963
339166590
-1183337104
 339166691
-1183336682
1016.409424
26.479166
24963
339166590
-1183337104
 339166691
-1183336691
1016.409424
26.479166
24963
339166590
-1183337104
 339166702
-1183336691
1016.409424
26.479166
24963
339166590
-1183337104
 339166709
-1183336693
1016.409424
26.479166
24963
339166590
-1183337104
 339166715
-1183336692
1016.409424
26.479166
24963
339166590
-1183337104
 339166715
-1183336704
1016.409424
26.479166
24963
339166590
-1183337104
 339166724
-1183336704
1016.409424
26.479166
24963
339166590
-1183337104
 339166722
-1183336721
1016.409424
26.479166
24963
339166590
-1183337104
 339166722
-1183336723
1016.409424
26.479166
24963
339166590
-1183337104
 339166724
-1183336723
1016.409424
26.479166
24963
339166590
-1183337104
 339166728
-1183336748
1016.409424
26.479166
24963
339166590
-1183337104
 339166725
-1183336756
1016.409424
26.479166
24963
339166590
-1183337104
 339166725
-1183336744
1016.409424
26.479166
24963
339166590
-1183337104
 339166715
-1183336744
1016.409424
26.479166
24963
339166590
-1183337104
 339166713
-1183336739
1016.409424
26.479166
24963
339166590
-1183337104
 339166713
-1183336749
1016.409424
26.479166
24963
339166590
-1183337104
 339166727
-1183336749
1016.409424
26.479166
24963
339166590
-1183337104
 339166721
-1183336720
1016.409424
26.479166
24963
339166590
-1183337104
 339166716
-1183336697
1016.409424
26.479166
24963
339166590
-1183337104
 339166716
-1183336688
1016.409424
26.479166
24963
339166590
-1183337104
 339166711
-1183336688
1016.409424
26.479166
24963
339166590
-1183337104
 339166711
-1183336679
1016.409424
26.479166
24963
339166590
-1183337104
 339166711
-1183336655
1016.409424
26.479166
24963
339166590
-1183337104
 339166711
-1183336664
1016.409424
26.479166
24963
339166590
-1183337104
 339166718
-1183336664
1016.409424
26.479166
24963
339166590
-1183337104
 339166725
-1183336652
1016.409424
26.479166
24963
339166590
-1183337104
 339166725
-1183336624
1016.409424
26.479166
24963
339166590
-1183337104
 339166715
-1183336624
1016.409424
26.479166
24963
339166590
-1183337104
 339166714
-1183336593
1016.409424
26.479166
24963
339166590
-1183337104
 339166714
-1183336587
1016.409424
26.479166
24963
339166590
-1183337104
 339166712
-1183336587
1016.409424
26.479166
24963
339166590
-1183337104
 339166733
-1183336614
1016.409424
26.479166
24963
339166590
-1183337104
 339166733
-1183336584
1016.409424
26.479166
24963
339166590
-1183337104
 339166730
-1183336584
1016.409424
26.479166
24963
339166590
-1183337104
 339166739
-1183336595
1016.409424
26.479166
24963
339166590
-1183337104
 339166739
-1183336589
1016.409424
26.479166
24963
339166590
-1183337104
 339166739
-1183336601
1016.409424
26.479166
24963
339166590
-1183337104
 339166733
-1183336601
1016.409424
26.479166
24963
339166590
-1183337104
 339166733
-1183336602
1016.409424
26.479166
24963
339166590
-1183337104
 339166734
-1183336608
1016.409424
26.479166
24963
339166590
-1183337104
 339166734
-1183336634
1016.409424
26.479166
24963
339166590
-1183337104
 339166727
-1183336634
1016.409424
26.479166
24963
339166590
-1183337104
 339166711
-1183336670
1016.409424
26.479166
24963
339166590
-1183337104
 339166711
-1183336692
1016.409424
26.479166
24963
339166590
-1183337104
 339166713
-1183336692
1016.409424
26.479166
24963
339166590
-1183337104
 339166726
-1183336771
1016.409424
26.479166
24963
339166590
-1183337104
 339166726
-1183336786
1016.409424
26.479166
24963
339166590
-1183337104
 339166735
-1183336786
1016.409424
26.479166
24963
339166590
-1183337104
 339166781
-1183336889
1016.409424
26.479166
24963
339166590
-1183337104
 339166781
-1183336915
1016.409424
26.479166
24963
339166590
-1183337104
 339166788
-1183336915
1016.409424
26.479166
24963
339166590
-1183337104
 339166765
-1183336948
1016.409424
26.479166
24963
339166590
-1183337104
 339166765
-1183337044
1016.409424
26.479166
24963
339166590
-1183337104
 339166753
-1183337044
1016.409424
26.479166
24963
339166590
-1183337104
 339166744
-1183337003
1016.409424
26.479166
24963
339166590
-1183337104
 339166713
-1183336949
1016.409424
26.479166
24963
339166590
-1183337104
 339166713
-1183336936
1016.409424
26.479166
24963
339166590
-1183337104
 339166714
-1183336936
1016.409424
26.479166
24963
339166590
-1183337104
 339166725
-1183336936
1016.409424
26.479166
24963
339166590
-1183337104
 339166725
-1183336966
1016.409424
26.479166
24963
339166590
-1183337104
 339166732
-1183336966
1016.409424
26.479166
24963
339166590
-1183337104
 339166722
-1183337008
1016.409424
26.479166
24963
339166590
-1183337104
 339166722
-1183337055
1016.409424
26.479166
24963
339166590
-1183337104
 339166728
-1183337055
1016.409424
26.479166
24963
339166590
-1183337104
 339166704
-1183337061
1016.409424
26.479166
24963
339166590
-1183337104
 339166704
-1183337078
1016.409424
26.479166
24963
339166590
-1183337104
 339166704
-1183337060
1016.409424
26.479166
24963
339166590
-1183337104
 339166701
-1183337060
1016.409424
26.479166
24963
339166590
-1183337104
 339166696
-1183337059
1016.409424
26.479166
24963
339166590
-1183337104
 339166694
-1183337065
1016.409424
26.479166
24963
339166590
-1183337104
 339166694
-1183336993
1016.409424
26.479166
24963
339166590
-1183337104
 339166667
-1183336993
1016.409424
26.479166
24963
339166590
-1183337104
 339166672
-1183337001
1016.409424
26.479166
24963
339166590
-1183337104
 339166672
-1183337007
1016.409424
26.479166
24963
339166590
-1183337104
 339166671
-1183337007
1016.409424
26.479166
24963
339166590
-1183337104
 339166649
-1183336987
1016.409424
26.479166
24963
339166590
-1183337104
 339166649
-1183337055
1016.409424
26.479166
24963
339166590
-1183337104
 339166677
-1183337055
1016.409424
26.479166
24963
339166590
-1183337104
 339166647
-1183337046
1016.409424
26.479166
24963
339166590
-1183337104
 339166647
-1183337041
1016.409424
26.479166
24963
339166590
-1183337104
 339166652
-1183337041
1016.409424
26.479166
24963
339166590
-1183337104
 339166630
-1183337033
1016.409424
26.479166
24963
339166590
-1183337104
 339166618
-1183337044
1016.409424
26.479166
24963
339166590
-1183337104
 339166618
-1183337022
1016.409424
26.479166
24963
339166590
-1183337104
 339166609
-1183337022
1016.409424
26.479166
24963
339166590
-1183337104
 339166562
-1183336954
1016.409424
26.479166
24963
339166590
-1183337104
 339166562
-1183336907
1016.409424
26.479166
24963
339166590
-1183337104
 339166544
-1183336907
1016.409424
26.479166
24963
339166590
-1183337104
 339166508
-1183336922
1016.409424
26.479166
24963
339166590
-1183337104
 339166508
-1183336927
1016.409424
26.479166
24963
339166590
-1183337104
 339166484
-1183336927
1016.409424
26.479166
24963
339166590
-1183337104
 339166385
-1183336936
1016.409424
26.479166
24963
339166590
-1183337104
 339166385
-1183336930
1016.409424
26.479166
24963
339166590
-1183337104
 339166342
-1183336930
1016.409424
26.479166
24963
339166590
-1183337104
 339166237
-1183336831
1016.409424
26.479166
24963
339166590
-1183337104
 339166237
-1183336849
1016.409424
26.479166
24963
339166590
-1183337104
 339166242
-1183336849
1016.409424
26.479166
24963
339166590
-1183337104
 339166242
-1183336856
1016.409424
26.479166
24963
339166590
-1183337104
 339166233
-1183336853
1016.409424
26.479166
24963
339166590
-1183337104
 339166233
-1183336815
1016.409424
26.479166
24963
339166590
-1183337104
 339166211
-1183336815
1016.409424
26.479166
24963
339166590
-1183337104
 339166192
-1183336802
1016.409424
26.479166
24963
339166590
-1183337104
 339166192
-1183336815
1016.409424
26.479166
24963
339166590
-1183337104
 339166215
-1183336815
1016.409424
26.479166
24963
339166590
-1183337104
 339166223
-1183336901
1016.409424
26.479166
24963
339166590
-1183337104
 339166223
-1183336989
1016.409424
26.479166
24963
339166590
-1183337104
 339166226
-1183336989
1016.409424
26.479166
24963
339166590
-1183337104
 339166216
-1183337041
1016.409424
26.479166
24963
339166590
-1183337104
 339166216
-1183337052
1016.409424
26.479166
24963
339166590
-1183337104
 339166195
-1183337052
1016.409424
26.479166
24963
339166590
-1183337104
 339166192
-1183337038
1016.409424
26.479166
24963
339166590
-1183337104
 339166192
-1183337047
1016.409424
26.479166
24963
339166590
-1183337104
 339166185
-1183337047
1016.409424
26.479166
24963
339166590
-1183337104
 339166189
-1183337050
1016.409424
26.479166
24963
339166590
-1183337104
 339166187
-1183337063
1016.409424
26.479166
24963
339166590
-1183337104
 339166187
-1183337060
1016.409424
26.479166
24963
339166590
-1183337104
 339166198
-1183337060
1016.409424
26.479166
24963
339166590
-1183337104
 339166210
-1183337069
1016.409424
26.479166
24963
339166590
-1183337104
 339166209
-1183337066
1016.409424
26.479166
24963
339166590
-1183337104
 339166209
-1183337052
1016.409424
26.479166
24963
339166590
-1183337104
 339166205
-1183337052
1016.409424
26.479166
24963
339166590
-1183337104
 339166184
-1183337040
1016.409424
26.479166
24963
339166590
-1183337104
 339166184
-1183337031
1016.409424
26.479166
24963
339166590
-1183337104
 339166175
-1183337031
1016.409424
26.479166
24963
339166590
-1183337104
 339166165
-1183337026
1016.409424
26.479166
24963
339166590
-1183337104
 339166160
-1183337027
1016.409424
26.479166
24963
339166590
-1183337104
 339166160
-1183337031
1016.409424
26.479166
24963
339166590
-1183337104
 339166149
-1183337031
1016.409424
26.479166
24963
339166590
-1183337104
 339166142
-1183337030
1016.409424
26.479166
24963
339166590
-1183337104
 339166125
-1183337059
1016.409424
26.479166
24963
339166590
-1183337104
 339166125
-1183337056
1016.409424
26.479166
24963
339166590
-1183337104
 339166119
-1183337056
1016.409424
26.479166
24963
339166590
-1183337104
 339166111
-1183337077
1016.409424
26.479166
24963
339166590
-1183337104
 339166111
-1183337101
1016.409424
26.479166
24963
339166590
-1183337104
 339166102
-1183337101
1016.409424
26.479166
24963
339166590
-1183337104
 339166077
-1183337191
1016.409424
26.479166
24963
339166590
-1183337104
 339166077
-1183337210
1016.409424
26.479166
24963
339166590
-1183337104
 339166074
-1183337210
1016.409424
26.479166
24963
339166590
-1183337104
 339166062
-1183337312
1016.409424
26.479166
24963
339166590
-1183337104
 339166062
-1183337325
1016.409424
26.479166
24963
339166590
-1183337104
 339166058
-1183337325
1016.409424
26.479166
24963
339166590
-1183337104
 339166063
-1183337338
1016.409424
26.479166
24963
339166590
-1183337104
 339166070
-1183337355
1016.409424
26.479166
24963
339166590
-1183337104
 339166070
-1183337345
1016.409424
26.479166
24963
339166590
-1183337104
 339166077
-1183337345
1016.409424
26.479166
24963
339166590
-1183337104
 339166094
-1183337350
1016.409424
26.479166
24963
339166590
-1183337104
 339166094
-1183337343
1016.409424
26.479166
24963
339166590
-1183337104
 339166098
-1183337343
1016.409424
26.479166
24963
339166590
-1183337104
 339166107
-1183337349
1016.409424
26.479166
24963
339166590
-1183337104
 339166107
-1183337324
1016.409424
26.479166
24963
339166590
-1183337104
 339166118
-1183337324
1016.409424
26.479166
24963
339166590
-1183337104
 339166138
-1183337320
1016.409424
26.479166
24963
339166590
-1183337104
 339166138
-1183337318
1016.409424
26.479166
24963
339166590
-1183337104
 339166147
-1183337318
1016.409424
26.479166
24963
339166590
-1183337104
 339166175
-1183337284
1016.409424
26.479166
24963
339166590
-1183337104
 339166175
-1183337255
1016.409424
26.479166
24963
339166590
-1183337104
 339166188
-1183337255
1016.409424
26.479166
24963
339166590
-1183337104
 339166201
-1183337238
1016.409424
26.479166
24963
339166590
-1183337104
 339166208
-1183337218
1016.409424
26.479166
24963
339166590
-1183337104
 339166208
-1183337181
1016.409424
26.479166
24963
339166590
-1183337104
 339166218
-1183337181
1016.409424
26.479166
24963
339166590
-1183337104
 339166240
-1183337182
1016.409424
26.479166
24963
339166590
-1183337104
 339166240
-1183337186
1016.409424
26.479166
24963
339166590
-1183337104
 339166247
-1183337186
1016.409424
26.479166
24963
339166590
-1183337104
 339166256
-1183337180
1016.409424
26.479166
24963
339166590
-1183337104
 339166269
-1183337165
1016.409424
26.479166
24963
339166590
-1183337104
 339166269
-1183337163
1016.409424
26.479166
24963
339166590
-1183337104
 339166285
-1183337163
1016.409424
26.479166
24963
339166590
-1183337104
 339166292
-1183337158
1016.409424
26.479166
24963
339166590
-1183337104
 339166302
-1183337115
1016.409424
26.479166
24963
339166590
-1183337104
 339166302
-1183337075
1016.409424
26.479166
24963
339166590
-1183337104
 339166304
-1183337075
1016.409424
26.479166
24963
339166590
-1183337104
 339166321
-1183337047
1016.409424
26.479166
24963
339166590
-1183337104
 339166321
-1183337039
1016.409424
26.479166
24963
339166590
-1183337104
 339166325
-1183337039
1016.409424
26.479166
24963
339166590
-1183337104
 339166327
-1183337021
1016.409424
26.479166
24963
339166590
-1183337104
 339166327
-1183336999
1016.409424
26.479166
24963
339166590
-1183337104
 339166322
-1183336999
1016.409424
26.479166
24963
339166590
-1183337104
 339166314
-1183336971
1016.409424
26.479166
24963
339166590
-1183337104
 339166314
-1183336954
1016.409424
26.479166
24963
339166590
-1183337104
 339166315
-1183336954
1016.409424
26.479166
24963
339166590
-1183337104
 339166290
-1183336892
1016.409424
26.479166
24963
339166590
-1183337104
 339166290
-1183336893
1016.409424
26.479166
24963
339166590
-1183337104
 339166289
-1183336893
1016.409424
26.479166
24963
339166590
-1183337104
 339166296
-1183336901
1016.409424
26.479166
24963
339166590
-1183337104
 339166296
-1183336894
1016.409424
26.479166
24963
339166590
-1183337104
 339166295
-1183336894
1016.409424
26.479166
24963
339166590
-1183337104
 339166260
-1183336883
1016.409424
26.479166
24963
339166590
-1183337104
 339166260
-1183336877
1016.409424
26.479166
24963
339166590
-1183337104
 339166239
-1183336877
1016.409424
26.479166
24963
339166590
-1183337104
 339166222
-1183336863
1016.409424
26.479166
24963
339166590
-1183337104
 339166214
-1183336855
1016.409424
26.479166
24963
339166590
-1183337104
 339166214
-1183336864
1016.409424
26.479166
24963
339166590
-1183337104
 339166217
-1183336864
1016.409424
26.479166
24963
339166590
-1183337104
 339166215
-1183336874
1016.409424
26.479166
24963
339166590
-1183337104
 339166210
-1183336884
1016.409424
26.479166
24963
339166590
-1183337104
 339166210
-1183336865
1016.409424
26.479166
24963
339166590
-1183337104
 339166195
-1183336865
1016.409424
26.479166
24963
339166590
-1183337104
 339166189
-1183336876
1016.409424
26.479166
24963
339166590
-1183337104
 339166185
-1183336881
1016.409424
26.479166
24963
339166590
-1183337104
 339166185
-1183336917
1016.409424
26.479166
24963
339166590
-1183337104
 339166195
-1183336917
1016.409424
26.479166
24963
339166590
-1183337104
 339166218
-1183336949
1016.409424
26.479166
24963
339166590
-1183337104
 339166212
-1183336936
1016.409424
26.479166
24963
339166590
-1183337104
 339166212
-1183336939
1016.409424
26.479166
24963
339166590
-1183337104
 339166221
-1183336939
1016.409424
26.479166
24963
339166590
-1183337104
 339166222
-1183336947
1016.409424
26.479166
24963
339166590
-1183337104
 339166241
-1183337005
1016.409424
26.479166
24963
339166590
-1183337104
 339166241
-1183337023
1016.409424
26.479166
24963
339166590
-1183337104
 339166227
-1183337023
1016.409424
26.479166
24963
339166590
-1183337104
 339166222
-1183337036
1016.409424
26.479166
24963
339166590
-1183337104
 339166222
-1183337016
1016.409424
26.479166
24963
339166590
-1183337104
 339166204
-1183337016
1016.409424
26.479166
24963
339166590
-1183337104
 339166179
-1183336968
1016.409424
26.479166
24963
339166590
-1183337104
 339166154
-1183336940
1016.409424
26.479166
24963
339166590
-1183337104
 339166154
-1183336932
1016.409424
26.479166
24963
339166590
-1183337104
 339166135
-1183336932
1016.409424
26.479166
24963
339166590
-1183337104
 339166082
-1183336879
1016.409424
26.479166
24963
339166590
-1183337104
 339166082
-1183336866
1016.409424
26.479166
24963
339166590
-1183337104
 339166067
-1183336866
1016.409424
26.479166
24963
339166590
-1183337104
 339166048
-1183336840
1016.409424
26.479166
24963
339166590
-1183337104
 339166012
-1183336798
1016.409424
26.479166
24963
339166590
-1183337104
 339166012
-1183336752
1016.409424
26.479166
24963
339166590
-1183337104
 339165975
-1183336752
1016.409424
26.479166
24963
339166590
-1183337104
 339165981
-1183336795
1016.409424
26.479166
24963
339166590
-1183337104
 339165981
-1183336842
1016.409424
26.479166
24963
339166590
-1183337104
 339165997
-1183336842
1016.409424
26.479166
24963
339166590
-1183337104
 339165970
-1183336776
1016.409424
26.479166
24963
339166590
-1183337104
 339165949
-1183336712
1016.409424
26.479166
24963
339166590
-1183337104
 339165949
-1183336627
1016.409424
26.479166
24963
339166590
-1183337104
 339165911
-1183336627
1016.409424
26.479166
24963
339166590
-1183337104
 339165863
-1183336513
1016.409424
26.479166
24963
339166590
-1183337104
 339165850
-1183336467
1016.409424
26.479166
24963
339166590
-1183337104
 339165850
-1183336379
1016.409424
26.479166
24963
339166590
-1183337104
 339165825
-1183336379
1016.409424
26.479166
24963
339166590
-1183337104
 339165844
-1183336347
1016.409424
26.479166
24963
339166590
-1183337104
 339165844
-1183336343
1016.409424
26.479166
24963
339166590
-1183337104
 339165873
-1183336343
1016.409424
26.479166
24963
339166590
-1183337104
 339165946
-1183336408
1016.409424
26.479166
24963
339166590
-1183337104
 339165946
-1183336417
1016.409424
26.479166
24963
339166590
-1183337104
 339165965
-1183336417
1016.409424
26.479166
24963
339166590
-1183337104
 339166003
-1183336445
1016.409424
26.479166
24963
339166590
-1183337104
 339166003
-1183336479
1016.409424
26.479166
24963
339166590
-1183337104
 339166047
-1183336479
1016.409424
26.479166
24963
339166590
-1183337104
 339166171
-1183336585
1016.409424
26.479166
24963
339166590
-1183337104
 339166171
-1183336587
1016.409424
26.479166
24963
339166590
-1183337104
 339166188
-1183336587
1016.409424
26.479166
24963
339166590
-1183337104
 