339166768
-1183336857
1016.409424
26.479166
24963
339166590
-1183337104
 339166766
-1183336839
1016.409424
26.479166
24963
339166590
-1183337104
 339166766
-1183336824
1016.409424
26.479166
24963
339166590
-1183337104
 339166762
-1183336824
1016.409424
26.479166
24963
339166590
-1183337104
 339166758
-1183336809
1016.409424
26.479166
24963
339166590
-1183337104
 339166758
-1183336800
1016.409424
26.479166
24963
339166590
-1183337104
 339166756
-1183336800
1016.409424
26.479166
24963
339166590
-1183337104
 339166748
-1183336780
1016.409424
26.479166
24963
339166590
-1183337104
 339166748
-1183336771
1016.409424
26.479166
24963
339166590
-1183337104
 339166745
-1183336771
1016.409424
26.479166
24963
339166590
-1183337104
 339166743
-1183336761
1016.409424
26.479166
24963
339166590
-1183337104
 339166741
-1183336753
1016.409424
26.479166
24963
339166590
-1183337104
 339166741
-1183336742
1016.409424
26.479166
24963
339166590
-1183337104
 339166741
-1183336742
1016.409424
26.479166
24963
339166590
-1183337104
 339166738
-1183336735
1016.409424
26.479166
24963
339166590
-1183337104
 339166738
-1183336735
1016.409424
26.479166
24963
339166590
-1183337104
 339166736
-1183336735
1016.409424
26.479166
24963
339166590
-1183337104
 339166731
-1183336737
1016.409424
26.479166
24963
339166590
-1183337104
 339166731
-1183336738
1016.409424
26.479166
24963
339166590
-1183337104
 339166731
-1183336738
1016.409424
26.479166
24963
339166590
-1183337104
 339166731
-1183336738
1016.409424
26.479166
24963
339166590
-1183337104
 339166727
-1183336738
1016.409424
26.479166
24963
339166590
-1183337104
 339166727
-1183336726
1016.409424
26.479166
24963
339166590
-1183337104
 339166728
-1183336726
1016.409424
26.479166
24963
339166590
-1183337104
 339166722
-1183336709
1016.409424
26.479166
24963
339166590
-1183337104
 339166722
-1183336700
1016.409424
26.479166
24963
339166590
-1183337104
 339166713
-1183336700
1016.409424
26.479166
24963
339166590
-1183337104
 339166699
-1183336695
1016.409424
26.479166
24963
339166590
-1183337104
 339166699
-1183336685
1016.409424
26.479166
24963
339166590
-1183337104
 339166696
-1183336685
1016.409424
26.479166
24963
339166590
-1183337104
 339166688
-1183336692
1016.409424
26.479166
24963
339166590
-1183337104
 339166688
-1183336704
1016.409424
26.479166
24963
339166590
-1183337104
 339166683
-1183336704
1016.409424
26.479166
24963
339166590
-1183337104
 339166678
-1183336715
1016.409424
26.479166
24963
339166590
-1183337104
 339166671
-1183336725
1016.409424
26.479166
24963
339166590
-1183337104
 339166671
-1183336737
1016.409424
26.479166
24963
339166590
-1183337104
 339166664
-1183336737
1016.409424
26.479166
24963
339166590
-1183337104
 339166657
-1183336762
1016.409424
26.479166
24963
339166590
-1183337104
 339166657
-1183336769
1016.409424
26.479166
24963
339166590
-1183337104
 339166650
-1183336769
1016.409424
26.479166
24963
339166590
-1183337104
 339166647
-1183336775
1016.409424
26.479166
24963
339166590
-1183337104
 339166644
-1183336782
1016.409424
26.479166
24963
339166590
-1183337104
 339166644
-1183336793
1016.409424
26.479166
24963
339166590
-1183337104
 339166641
-1183336793
1016.409424
26.479166
24963
339166590
-1183337104
 339166638
-1183336802
1016.409424
26.479166
24963
339166590
-1183337104
 339166627
-1183336807
1016.409424
26.479166
24963
339166590
-1183337104
 339166627
-1183336812
1016.409424
26.479166
24963
339166590
-1183337104
 339166628
-1183336812
1016.409424
26.479166
24963
339166590
-1183337104
 339166626
-1183336813
1016.409424
26.479166
24963
339166590
-1183337104
 339166624
-1183336816
1016.409424
26.479166
24963
339166590
-1183337104
 339166624
-1183336823
1016.409424
26.479166
24963
339166590
-1183337104
 339166620
-1183336823
1016.409424
26.479166
24963
339166590
-1183337104
 339166622
-1183336832
1016.409424
26.479166
24963
339166590
-1183337104
 339166622
-1183336847
1016.409424
26.479166
24963
339166590
-1183337104
 339166622
-1183336865
1016.409424
26.479166
24963
339166590
-1183337104
 339166625
-1183336865
1016.409424
26.479166
24963
339166590
-1183337104
 339166625
-1183336876
1016.409424
26.479166
24963
339166590
-1183337104
 339166627
-1183336880
1016.409424
26.479166
24963
339166590
-1183337104
 339166627
-1183336889
1016.409424
26.479166
24963
339166590
-1183337104
 339166627
-1183336889
1016.409424
26.479166
24963
339166590
-1183337104
 339166620
-1183336912
1016.409424
26.479166
24963
339166590
-1183337104
 339166620
-1183336919
1016.409424
26.479166
24963
339166590
-1183337104
 339166618
-1183336919
1016.409424
26.479166
24963
339166590
-1183337104
 339166624
-1183336919
1016.409424
26.479166
24963
339166590
-1183337104
 339166624
-1183336921
1016.409424
26.479166
24963
339166590
-1183337104
 339166621
-1183336921
1016.409424
26.479166
24963
339166590
-1183337104
 339166622
-1183336919
1016.409424
26.479166
24963
339166590
-1183337104
 339166624
-1183336922
1016.409424
26.479166
24963
339166590
-1183337104
 339166624
-1183336927
1016.409424
26.479166
24963
339166590
-1183337104
 339166631
-1183336927
1016.409424
26.479166
24963
339166590
-1183337104
 339166635
-1183336920
1016.409424
26.479166
24963
339166590
-1183337104
 339166635
-1183336914
1016.409424
26.479166
24963
339166590
-1183337104
 339166636
-1183336914
1016.409424
26.479166
24963
339166590
-1183337104
 339166633
-1183336929
1016.409424
26.479166
24963
339166590
-1183337104
 339166633
-1183336933
1016.409424
26.479166
24963
339166590
-1183337104
 339166632
-1183336933
1016.409424
26.479166
24963
339166590
-1183337104
 339166626
-1183336924
1016.409424
26.479166
24963
339166590
-1183337104
 339166626
-1183336924
1016.409424
26.479166
24963
339166590
-1183337104
 339166627
-1183336924
1016.409424
26.479166
24963
339166590
-1183337104
 339166625
-1183336926
1016.409424
26.479166
24963
339166590
-1183337104
 339166625
-1183336939
1016.409424
26.479166
24963
339166590
-1183337104
 339166628
-1183336939
1016.409424
26.479166
24963
339166590
-1183337104
 339166625
-1183336953
1016.409424
26.479166
24963
339166590
-1183337104
 339166625
-1183336963
1016.409424
26.479166
24963
339166590
-1183337104
 339166622
-1183336963
1016.409424
26.479166
24963
339166590
-1183337104
 339166626
-1183336960
1016.409424
26.479166
24963
339166590
-1183337104
 339166626
-1183336961
1016.409424
26.479166
24963
339166590
-1183337104
 339166632
-1183336961
1016.409424
26.479166
24963
339166590
-1183337104
 339166646
-1183336966
1016.409424
26.479166
24963
339166590
-1183337104
 339166653
-1183336969
1016.409424
26.479166
24963
339166590
-1183337104
 339166653
-1183336967
1016.409424
26.479166
24963
339166590
-1183337104
 339166659
-1183336967
1016.409424
26.479166
24963
339166590
-1183337104
 339166662
-1183336976
1016.409424
26.479166
24963
339166590
-1183337104
 339166661
-1183336980
1016.409424
26.479166
24963
339166590
-1183337104
 339166661
-1183336985
1016.409424
26.479166
24963
339166590
-1183337104
 339166658
-1183336985
1016.409424
26.479166
24963
339166590
-1183337104
 339166655
-1183336990
1016.409424
26.479166
24963
339166590
-1183337104
 339166655
-1183336987
1016.409424
26.479166
24963
339166590
-1183337104
 339166658
-1183336987
1016.409424
26.479166
24963
339166590
-1183337104
 339166668
-1183336993
1016.409424
26.479166
24963
339166590
-1183337104
 339166682
-1183337007
1016.409424
26.479166
24963
339166590
-1183337104
 339166682
-1183337020
1016.409424
26.479166
24963
339166590
-1183337104
 339166688
-1183337020
1016.409424
26.479166
24963
339166590
-1183337104
 339166700
-1183337028
1016.409424
26.479166
24963
339166590
-1183337104
 339166703
-1183337035
1016.409424
26.479166
24963
339166590
-1183337104
 339166703
-1183337034
1016.409424
26.479166
24963
339166590
-1183337104
 339166707
-1183337034
1016.409424
26.479166
24963
339166590
-1183337104
 339166713
-1183337048
1016.409424
26.479166
24963
339166590
-1183337104
 339166713
-1183337058
1016.409424
26.479166
24963
339166590
-1183337104
 339166715
-1183337058
1016.409424
26.479166
24963
339166590
-1183337104
 339166718
-1183337064
1016.409424
26.479166
24963
339166590
-1183337104
 339166720
-1183337071
1016.409424
26.479166
24963
339166590
-1183337104
 339166720
-1183337081
1016.409424
26.479166
24963
339166590
-1183337104
 339166723
-1183337081
1016.409424
26.479166
24963
339166590
-1183337104
 339166724
-1183337086
1016.409424
26.479166
24963
339166590
-1183337104
 339166726
-1183337094
1016.409424
26.479166
24963
339166590
-1183337104
 339166726
-1183337102
1016.409424
26.479166
24963
339166590
-1183337104
 339166729
-1183337102
1016.409424
26.479166
24963
339166590
-1183337104
 339166727
-1183337106
1016.409424
26.479166
24963
339166590
-1183337104
 339166727
-1183337116
1016.409424
26.479166
24963
339166590
-1183337104
 339166725
-1183337116
1016.409424
26.479166
24963
339166590
-1183337104
 339166712
-1183337125
1016.409424
26.479166
24963
339166590
-1183337104
 339166712
-1183337129
1016.409424
26.479166
24963
339166590
-1183337104
 339166706
-1183337129
1016.409424
26.479166
24963
339166590
-1183337104
 339166704
-1183337135
1016.409424
26.479166
24963
339166590
-1183337104
 339166703
-1183337138
1016.409424
26.479166
24963
339166590
-1183337104
 339166703
-1183337145
1016.409424
26.479166
24963
339166590
-1183337104
 339166702
-1183337145
1016.409424
26.479166
24963
339166590
-1183337104
 339166706
-1183337154
1016.409424
26.479166
24963
339166590
-1183337104
 339166711
-1183337156
1016.409424
26.479166
24963
339166590
-1183337104
 339166711
-1183337155
1016.409424
26.479166
24963
339166590
-1183337104
 339166711
-1183337155
1016.409424
26.479166
24963
339166590
-1183337104
 339166715
-1183337154
1016.409424
26.479166
24963
339166590
-1183337104
 339166716
-1183337157
1016.409424
26.479166
24963
339166590
-1183337104
 339166716
-1183337156
1016.409424
26.479166
24963
339166590
-1183337104
 339166718
-1183337156
1016.409424
26.479166
24963
339166590
-1183337104
 339166722
-1183337165
1016.409424
26.479166
24963
339166590
-1183337104
 339166720
-1183337175
1016.409424
26.479166
24963
339166590
-1183337104
 339166720
-1183337186
1016.409424
26.479166
24963
339166590
-1183337104
 339166720
-1183337186
1016.409424
26.479166
24963
339166590
-1183337104
 339166720
-1183337191
1016.409424
26.479166
24963
339166590
-1183337104
 339166720
-1183337190
1016.409424
26.479166
24963
339166590
-1183337104
 339166722
-1183337190
1016.409424
26.479166
24963
339166590
-1183337104
 339166726
-1183337184
1016.409424
26.479166
24963
339166590
-1183337104
 339166726
-1183337185
1016.409424
26.479166
24963
339166590
-1183337104
 339166727
-1183337185
1016.409424
26.479166
24963
339166590
-1183337104
 339166726
-1183337186
1016.409424
26.479166
24963
339166590
-1183337104
 339166724
-1183337186
1016.409424
26.479166
24963
339166590
-1183337104
 339166724
-1183337186
1016.409424
26.479166
24963
339166590
-1183337104
 339166720
-1183337186
1016.409424
26.479166
24963
339166590
-1183337104
 339166710
-1183337183
1016.409424
26.479166
24963
339166590
-1183337104
 339166710
-1183337172
1016.409424
26.479166
24963
339166590
-1183337104
 339166708
-1183337172
1016.409424
26.479166
24963
339166590
-1183337104
 339166707
-1183337148
1016.409424
26.479166
24963
339166590
-1183337104
 339166707
-1183337138
1016.409424
26.479166
24963
339166590
-1183337104
 339166699
-1183337138
1016.409424
26.479166
24963
339166590
-1183337104
 339166691
-1183337138
1016.409424
26.479166
24963
339166590
-1183337104
 339166691
-1183337123
1016.409424
26.479166
24963
339166590
-1183337104
 339166687
-1183337123
1016.409424
26.479166
24963
339166590
-1183337104
 339166670
-1183337101
1016.409424
26.479166
24963
339166590
-1183337104
 339166670
-1183337093
1016.409424
26.479166
24963
339166590
-1183337104
 339166662
-1183337093
1016.409424
26.479166
24963
339166590
-1183337104
 339166649
-1183337093
1016.409424
26.479166
24963
339166590
-1183337104
 339166649
-1183337093
1016.409424
26.479166
24963
339166590
-1183337104
 339166641
-1183337093
1016.409424
26.479166
24963
339166590
-1183337104
 339166631
-1183337091
1016.409424
26.479166
24963
339166590
-1183337104
 339166623
-1183337091
1016.409424
26.479166
24963
339166590
-1183337104
 339166623
-1183337097
1016.409424
26.479166
24963
339166590
-1183337104
 339166616
-1183337097
1016.409424
26.479166
24963
339166590
-1183337104
 339166611
-1183337118
1016.409424
26.479166
24963
339166590
-1183337104
 339166611
-1183337125
1016.409424
26.479166
24963
339166590
-1183337104
 339166609
-1183337125
1016.409424
26.479166
24963
339166590
-1183337104
 339166590
-1183337146
1016.409424
26.479166
24963
339166590
-1183337104
 339166590
-1183337160
1016.409424
26.479166
24963
339166590
-1183337104
 339166581
-1183337160
1016.409424
26.479166
24963
339166590
-1183337104
 339166567
-1183337171
1016.409424
26.479166
24963
339166590
-1183337104
 339166567
-1183337175
1016.409424
26.479166
24963
339166590
-1183337104
 339166561
-1183337175
1016.409424
26.479166
24963
339166590
-1183337104
 339166545
-1183337176
1016.409424
26.479166
24963
339166590
-1183337104
 339166545
-1183337178
1016.409424
26.479166
24963
339166590
-1183337104
 339166543
-1183337178
1016.409424
26.479166
24963
339166590
-1183337104
 339166540
-1183337185
1016.409424
26.479166
24963
339166590
-1183337104
 339166536
-1183337186
1016.409424
26.479166
24963
339166590
-1183337104
 339166536
-1183337183
1016.409424
26.479166
24963
339166590
-1183337104
 339166533
-1183337183
1016.409424
26.479166
24963
339166590
-1183337104
 339166530
-1183337184
1016.409424
26.479166
24963
339166590
-1183337104
 339166530
-1183337180
1016.409424
26.479166
24963
339166590
-1183337104
 339166529
-1183337180
1016.409424
26.479166
24963
339166590
-1183337104
 339166527
-1183337178
1016.409424
26.479166
24963
339166590
-1183337104
 339166528
-1183337178
1016.409424
26.479166
24963
339166590
-1183337104
 339166528
-1183337176
1016.409424
26.479166
24963
339166590
-1183337104
 339166528
-1183337176
1016.409424
26.479166
24963
339166590
-1183337104
 339166527
-1183337176
1016.409424
26.479166
24963
339166590
-1183337104
 339166527
-1183337176
1016.409424
26.479166
24963
339166590
-1183337104
 339166524
-1183337176
1016.409424
26.479166
24963
339166590
-1183337104
 339166532
-1183337180
1016.409424
26.479166
24963
339166590
-1183337104
 339166532
-1183337184
1016.409424
26.479166
24963
339166590
-1183337104
 339166533
-1183337184
1016.409424
26.479166
24963
339166590
-1183337104
 339166540
-1183337185
1016.409424
26.479166
24963
339166590
-1183337104
 339166540
-1183337186
1016.409424
26.479166
24963
339166590
-1183337104
 339166544
-1183337186
1016.409424
26.479166
24963
339166590
-1183337104
 339166544
-1183337189
1016.409424
26.479166
24963
339166590
-1183337104
 339166544
-1183337187
1016.409424
26.479166
24963
339166590
-1183337104
 339166544
-1183337192
1016.409424
26.479166
24963
339166590
-1183337104
 339166546
-1183337192
1016.409424
26.479166
24963
339166590
-1183337104
 339166551
-1183337184
1016.409424
26.479166
24963
339166590
-1183337104
 339166551
-1183337171
1016.409424
26.479166
24963
339166590
-1183337104
 339166556
-1183337171
1016.409424
26.479166
24963
339166590
-1183337104
 339166557
-1183337160
1016.409424
26.479166
24963
339166590
-1183337104
 339166562
-1183337153
1016.409424
26.479166
24963
339166590
-1183337104
 339166562
-1183337144
1016.409424
26.479166
24963
339166590
-1183337104
 339166568
-1183337144
1016.409424
26.479166
24963
339166590
-1183337104
 339166579
-1183337133
1016.409424
26.479166
24963
339166590
-1183337104
 339166579
-1183337114
1016.409424
26.479166
24963
339166590
-1183337104
 339166594
-1183337114
1016.409424
26.479166
24963
339166590
-1183337104
 339166604
-1183337096
1016.409424
26.479166
24963
339166590
-1183337104
 339166612
-1183337090
1016.409424
26.479166
24963
339166590
-1183337104
 339166612
-1183337076
1016.409424
26.479166
24963
339166590
-1183337104
 339166614
-1183337076
1016.409424
26.479166
24963
339166590
-1183337104
 339166614
-1183337066
1016.409424
26.479166
24963
339166590
-1183337104
 339166614
-1183337075
1016.409424
26.479166
24963
339166590
-1183337104
 339166610
-1183337075
1016.409424
26.479166
24963
339166590
-1183337104
 339166594
-1183337087
1016.409424
26.479166
24963
339166590
-1183337104
 339166594
-1183337085
1016.409424
26.479166
24963
339166590
-1183337104
 339166589
-1183337085
1016.409424
26.479166
24963
339166590
-1183337104
 339166579
-1183337076
1016.409424
26.479166
24963
339166590
-1183337104
 339166579
-1183337071
1016.409424
26.479166
24963
339166590
-1183337104
 339166568
-1183337071
1016.409424
26.479166
24963
339166590
-1183337104
 339166557
-1183337073
1016.409424
26.479166
24963
339166590
-1183337104
 339166549
-1183337068
1016.409424
26.479166
24963
339166590
-1183337104
 339166549
-1183337072
1016.409424
26.479166
24963
339166590
-1183337104
 339166537
-1183337072
1016.409424
26.479166
24963
339166590
-1183337104
 339166533
-1183337074
1016.409424
26.479166
24963
339166590
-1183337104
 339166535
-1183337064
1016.409424
26.479166
24963
339166590
-1183337104
 339166535
-1183337060
1016.409424
26.479166
24963
339166590
-1183337104
 339166534
-1183337060
1016.409424
26.479166
24963
339166590
-1183337104
 339166528
-1183337031
1016.409424
26.479166
24963
339166590
-1183337104
 339166528
-1183337040
1016.409424
26.479166
24963
339166590
-1183337104
 339166519
-1183337040
1016.409424
26.479166
24963
339166590
-1183337104
 339166527
-1183337025
1016.409424
26.479166
24963
339166590
-1183337104
 339166527
-1183337023
1016.409424
26.479166
24963
339166590
-1183337104
 339166532
-1183337023
1016.409424
26.479166
24963
339166590
-1183337104
 339166538
-1183337036
1016.409424
26.479166
24963
339166590
-1183337104
 339166538
-1183337038
1016.409424
26.479166
24963
339166590
-1183337104
 339166538
-1183337038
1016.409424
26.479166
24963
339166590
-1183337104
 339166538
-1183337042
1016.409424
26.479166
24963
339166590
-1183337104
 339166538
-1183337049
1016.409424
26.479166
24963
339166590
-1183337104
 339166536
-1183337049
1016.409424
26.479166
24963
339166590
-1183337104
 339166534
-1183337046
1016.409424
26.479166
24963
339166590
-1183337104
 339166530
-1183337040
1016.409424
26.479166
24963
339166590
-1183337104
 339166530
-1183337034
1016.409424
26.479166
24963
339166590
-1183337104
 339166524
-1183337034
1016.409424
26.479166
24963
339166590
-1183337104
 339166505
-1183337021
1016.409424
26.479166
24963
339166590
-1183337104
 339166505
-1183337013
1016.409424
26.479166
24963
339166590
-1183337104
 339166497
-1183337013
1016.409424
26.479166
24963
339166590
-1183337104
 339166475
-1183337011
1016.409424
26.479166
24963
339166590
-1183337104
 339166475
-1183337008
1016.409424
26.479166
24963
339166590
-1183337104
 339166470
-1183337008
1016.409424
26.479166
24963
339166590
-1183337104
 339166451
-1183337001
1016.409424
26.479166
24963
339166590
-1183337104
 339166451
-1183337000
1016.409424
26.479166
24963
339166590
-1183337104
 339166442
-1183337000
1016.409424
26.479166
24963
339166590
-1183337104
 339166438
-1183336989
1016.409424
26.479166
24963
339166590
-1183337104
 339166435
-1183336973
1016.409424
26.479166
24963
339166590
-1183337104
 339166435
-1183336968
1016.409424
26.479166
24963
339166590
-1183337104
 339166433
-1183336968
1016.409424
26.479166
24963
339166590
-1183337104
 339166427
-1183336958
1016.409424
26.479166
24963
339166590
-1183337104
 339166427
-1183336956
1016.409424
26.479166
24963
339166590
-1183337104
 339166424
-1183336956
1016.409424
26.479166
24963
339166590
-1183337104
 339166420
-1183336949
1016.409424
26.479166
24963
339166590
-1183337104
 339166420
-1183336943
1016.409424
26.479166
24963
339166590
-1183337104
 339166416
-1183336943
1016.409424
26.479166
24963
339166590
-1183337104
 339166409
-1183336934
1016.409424
26.479166
24963
339166590
-1183337104
 339166409
-1183336936
1016.409424
26.479166
24963
339166590
-1183337104
 339166405
-1183336936
1016.409424
26.479166
24963
339166590
-1183337104
 339166422
-1183336930
1016.409424
26.479166
24963
339166590
-1183337104
 339166422
-1183336930
1016.409424
26.479166
24963
339166590
-1183337104
 339166418
-1183336930
1016.409424
26.479166
24963
339166590
-1183337104
 339166411
-1183336939
1016.409424
26.479166
24963
339166590
-1183337104
 339166411
-1183336940
1016.409424
26.479166
24963
339166590
-1183337104
 339166409
-1183336940
1016.409424
26.479166
24963
339166590
-1183337104
 339166401
-1183336952
1016.409424
26.479166
24963
339166590
-1183337104
 339166401
-1183336963
1016.409424
26.479166
24963
339166590
-1183337104
 339166397
-1183336963
1016.409424
26.479166
24963
339166590
-1183337104
 339166395
-1183336972
1016.409424
26.479166
24963
339166590
-1183337104
 339166396
-1183336977
1016.409424
26.479166
24963
339166590
-1183337104
 339166396
-1183336982
1016.409424
26.479166
24963
339166590
-1183337104
 339166392
-1183336982
1016.409424
26.479166
24963
339166590
-1183337104
 339166399
-1183337011
1016.409424
26.479166
24963
339166590
-1183337104
 339166399
-1183337015
1016.409424
26.479166
24963
339166590
-1183337104
 339166403
-1183337015
1016.409424
26.479166
24963
339166590
-1183337104
 339166412
-1183337016
1016.409424
26.479166
24963
339166590
-1183337104
 339166412
-1183337030
1016.409424
26.479166
24963
339166590
-1183337104
 339166413
-1183337030
1016.409424
26.479166
24963
339166590
-1183337104
 339166420
-1183337050
1016.409424
26.479166
24963
339166590
-1183337104
 339166420
-1183337054
1016.409424
26.479166
24963
339166590
-1183337104
 339166424
-1183337054
1016.409424
26.479166
24963
339166590
-1183337104
 339166429
-1183337055
1016.409424
26.479166
24963
339166590
-1183337104
 339166433
-1183337062
1016.409424
26.479166
24963
339166590
-1183337104
 339166433
-1183337069
1016.409424
26.479166
24963
339166590
-1183337104
 339166436
-1183337069
1016.409424
26.479166
24963
339166590
-1183337104
 339166443
-1183337070
1016.409424
26.479166
24963
339166590
-1183337104
 339166443
-1183337064
1016.409424
26.479166
24963
339166590
-1183337104
 339166448
-1183337064
1016.409424
26.479166
24963
339166590
-1183337104
 339166468
-1183337050
1016.409424
26.479166
24963
339166590
-1183337104
 339166468
-1183337051
1016.409424
26.479166
24963
339166590
-1183337104
 339166476
-1183337051
1016.409424
26.479166
24963
339166590
-1183337104
 339166480
-1183337055
1016.409424
26.479166
24963
339166590
-1183337104
 339166485
-1183337057
1016.409424
26.479166
24963
339166590
-1183337104
 339166485
-1183337054
1016.409424
26.479166
24963
339166590
-1183337104
 339166487
-1183337054
1016.409424
26.479166
24963
339166590
-1183337104
 339166491
-1183337064
1016.409424
26.479166
24963
339166590
-1183337104
 339166491
-1183337062
1016.409424
26.479166
24963
339166590
-1183337104
 339166494
-1183337062
1016.409424
26.479166
24963
339166590
-1183337104
 339166497
-1183337059
1016.409424
26.479166
24963
339166590
-1183337104
 339166499
-1183337063
1016.409424
26.479166
24963
339166590
-1183337104
 339166499
-1183337063
1016.409424
26.479166
24963
339166590
-1183337104
 339166499
-1183337063
1016.409424
26.479166
24963
339166590
-1183337104
 339166498
-1183337062
1016.409424
26.479166
24963
339166590
-1183337104
 339166501
-1183337059
1016.409424
26.479166
24963
339166590
-1183337104
 339166501
-1183337055
1016.409424
26.479166
24963
339166590
-1183337104
 339166503
-1183337055
1016.409424
26.479166
24963
339166590
-1183337104
 339166504
-1183337056
1016.409424
26.479166
24963
339166590
-1183337104
 339166503
-1183337055
1016.409424
26.479166
24963
339166590
-1183337104
 339166503
-1183337056
1016.409424
26.479166
24963
339166590
-1183337104
 339166504
-1183337056
1016.409424
26.479166
24963
339166590
-1183337104
 339166507
-1183337063
1016.409424
26.479166
24963
339166590
-1183337104
 339166509
-1183337073
1016.409424
26.479166
24963
339166590
-1183337104
 339166509
-1183337082
1016.409424
26.479166
24963
339166590
-1183337104
 339166514
-1183337082
1016.409424
26.479166
24963
339166590
-1183337104
 339166522
-1183337094
1016.409424
26.479166
24963
339166590
-1183337104
 339166522
-1183337101
1016.409424
26.479166
24963
339166590
-1183337104
 339166522
-1183337101
1016.409424
26.479166
24963
339166590
-1183337104
 339166520
-1183337108
1016.409424
26.479166
24963
339166590
-1183337104
 339166521
-1183337109
1016.409424
26.479166
24963
339166590
-1183337104
 339166521
-1183337108
1016.409424
26.479166
24963
339166590
-1183337104
 339166521
-1183337108
1016.409424
26.479166
24963
339166590
-1183337104
 339166520
-1183337113
1016.409424
26.479166
24963
339166590
-1183337104
 339166522
-1183337115
1016.409424
26.479166
24963
339166590
-1183337104
 339166522
-1183337117
1016.409424
26.479166
24963
339166590
-1183337104
 339166525
-1183337117
1016.409424
26.479166
24963
339166590
-1183337104
 339166526
-1183337120
1016.409424
26.479166
24963
339166590
-1183337104
 339166525
-1183337121
1016.409424
26.479166
24963
339166590
-1183337104
 339166525
-1183337122
1016.409424
26.479166
24963
339166590
-1183337104
 339166522
-1183337122
1016.409424
26.479166
24963
339166590
-1183337104
 339166525
-1183337120
1016.409424
26.479166
24963
339166590
-1183337104
 339166525
-1183337120
1016.409424
26.479166
24963
339166590
-1183337104
 339166523
-1183337120
1016.409424
26.479166
24963
339166590
-1183337104
 339166528
-1183337110
1016.409424
26.479166
24963
339166590
-1183337104
 339166528
-1183337109
1016.409424
26.479166
24963
339166590
-1183337104
 339166527
-1183337109
1016.409424
26.479166
24963
339166590
-1183337104
 339166526
-1183337106
1016.409424
26.479166
24963
339166590
-1183337104
 339166527
-1183337097
1016.409424
26.479166
24963
339166590
-1183337104
 339166527
-1183337086
1016.409424
26.479166
24963
339166590
-1183337104
 339166522
-1183337086
1016.409424
26.479166
24963
339166590
-1183337104
 339166521
-1183337062
1016.409424
26.479166
24963
339166590
-1183337104
 339166521
-1183337055
1016.409424
26.479166
24963
339166590
-1183337104
 339166524
-1183337055
1016.409424
26.479166
24963
339166590
-1183337104
 339166525
-1183337045
1016.409424
26.479166
24963
339166590
-1183337104
 339166523
-1183337043
1016.409424
26.479166
24963
339166590
-1183337104
 339166523
-1183337040
1016.409424
26.479166
24963
339166590
-1183337104
 339166523
-1183337040
1016.409424
26.479166
24963
339166590
-1183337104
 339166524
-1183337034
1016.409424
26.479166
24963
339166590
-1183337104
 339166522
-1183337028
1016.409424
26.479166
24963
339166590
-1183337104
 339166522
-1183337025
1016.409424
26.479166
24963
339166590
-1183337104
 339166517
-1183337025
1016.409424
26.479166
24963
339166590
-1183337104
 339166505
-1183337019
1016.409424
26.479166
24963
339166590
-1183337104
 339166505
-1183337024
1016.409424
26.479166
24963
339166590
-1183337104
 339166501
-1183337024
1016.409424
26.479166
24963
339166590
-1183337104
 339166501
-1183337022
1016.409424
26.479166
24963
339166590
-1183337104
 339166503
-1183337026
1016.409424
26.479166
24963
339166590
-1183337104
 339166503
-1183337025
1016.409424
26.479166
24963
339166590
-1183337104
 339166510
-1183337025
1016.409424
26.479166
24963
339166590
-1183337104
 339166526
-1183337018
1016.409424
26.479166
24963
339166590
-1183337104
 339166526
-1183337026
1016.409424
26.479166
24963
339166590
-1183337104
 339166525
-1183337026
1016.409424
26.479166
24963
339166590
-1183337104
 339166533
-1183337028
1016.409424
26.479166
24963
339166590
-1183337104
 339166540
-1183337019
1016.409424
26.479166
24963
339166590
-1183337104
 339166540
-1183337024
1016.409424
26.479166
24963
339166590
-1183337104
 339166547
-1183337024
1016.409424
26.479166
24963
339166590
-1183337104
 339166551
-1183337026
1016.409424
26.479166
24963
339166590
-1183337104
 339166555
-1183337024
1016.409424
26.479166
24963
339166590
-1183337104
 339166555
-1183337027
1016.409424
26.479166
24963
339166590
-1183337104
 339166555
-1183337027
1016.409424
26.479166
24963
339166590
-1183337104
 339166557
-1183337027
1016.409424
26.479166
24963
339166590
-1183337104
 339166556
-1183337020
1016.409424
26.479166
24963
339166590
-1183337104
 339166556
-1183337022
1016.409424
26.479166
24963
339166590
-1183337104
 339166557
-1183337022
1016.409424
26.479166
24963
339166590
-1183337104
 339166555
-1183337016
1016.409424
26.479166
24963
339166590
-1183337104
 339166558
-1183337011
1016.409424
26.479166
24963
339166590
-1183337104
 339166558
-1183336988
1016.409424
26.479166
24963
339166590
-1183337104
 339166562
-1183336988
1016.409424
26.479166
24963
339166590
-1183337104
 339166565
-1183336982
1016.409424
26.479166
24963
339166590
-1183337104
 339166565
-1183336975
1016.409424
26.479166
24963
339166590
-1183337104
 339166567
-1183336975
1016.409424
26.479166
24963
339166590
-1183337104
 339166564
-1183336974
1016.409424
26.479166
24963
339166590
-1183337104
 339166560
-1183336965
1016.409424
26.479166
24963
339166590
-1183337104
 339166560
-1183336961
1016.409424
26.479166
24963
339166590
-1183337104
 339166558
-1183336961
1016.409424
26.479166
24963
339166590
-1183337104
 339166557
-1183336941
1016.409424
26.479166
24963
339166590
-1183337104
 339166557
-1183336935
1016.409424
26.479166
24963
339166590
-1183337104
 339166556
-1183336935
1016.409424
26.479166
24963
339166590
-1183337104
 339166559
-1183336926
1016.409424
26.479166
24963
339166590
-1183337104
 339166560
-1183336924
1016.409424
26.479166
24963
339166590
-1183337104
 339166560
-1183336927
1016.409424
26.479166
24963
339166590
-1183337104
 339166555
-1183336927
1016.409424
26.479166
24963
339166590
-1183337104
 339166551
-1183336931
1016.409424
26.479166
24963
339166590
-1183337104
 339166547
-1183336933
1016.409424
26.479166
24963
339166590
-1183337104
 339166547
-1183336935
1016.409424
26.479166
24963
339166590
-1183337104
 339166550
-1183336935
1016.409424
26.479166
24963
339166590
-1183337104
 339166549
-1183336948
1016.409424
26.479166
24963
339166590
-1183337104
 339166549
-1183336945
1016.409424
26.479166
24963
339166590
-1183337104
 339166546
-1183336945
1016.409424
26.479166
24963
339166590
-1183337104
 339166540
-1183336947
1016.409424
26.479166
24963
339166590
-1183337104
 339166539
-1183336946
1016.409424
26.479166
24963
339166590
-1183337104
 339166539
-1183336953
1016.409424
26.479166
24963
339166590
-1183337104
 339166538
-1183336953
1016.409424
26.479166
24963
339166590
-1183337104
 339166532
-1183336953
1016.409424
26.479166
24963
339166590
-1183337104
 339166532
-1183336959
1016.409424
26.479166
24963
339166590
-1183337104
 339166529
-1183336959
1016.409424
26.479166
24963
339166590
-1183337104
 339166524
-1183336965
1016.409424
26.479166
24963
339166590
-1183337104
 339166525
-1183336966
1016.409424
26.479166
24963
339166590
-1183337104
 339166525
-1183336972
1016.409424
26.479166
24963
339166590
-1183337104
 339166522
-1183336972
1016.409424
26.479166
24963
339166590
-1183337104
 339166519
-1183336975
1016.409424
26.479166
24963
339166590
-1183337104
 339166519
-1183336974
1016.409424
26.479166
24963
339166590
-1183337104
 339166519
-1183336974
1016.409424
26.479166
24963
339166590
-1183337104
 339166514
-1183336963
1016.409424
26.479166
24963
339166590
-1183337104
 339166513
-1183336948
1016.409424
26.479166
24963
339166590
-1183337104
 339166513
-1183336948
1016.409424
26.479166
24963
339166590
-1183337104
 339166514
-1183336948
1016.409424
26.479166
24963
339166590
-1183337104
 339166526
-1183336938
1016.409424
26.479166
24963
339166590
-1183337104
 339166526
-1183336939
1016.409424
26.479166
24963
339166590
-1183337104
 339166532
-1183336939
1016.409424
26.479166
24963
339166590
-1183337104
 339166542
-1183336939
1016.409424
26.479166
24963
339166590
-1183337104
 339166551
-1183336945
1016.409424
26.479166
24963
339166590
-1183337104
 339166551
-1183336949
1016.409424
26.479166
24963
339166590
-1183337104
 339166556
-1183336949
1016.409424
26.479166
24963
339166590
-1183337104
 339166560
-1183336955
1016.409424
26.479166
24963
339166590
-1183337104
 339166563
-1183336955
1016.409424
26.479166
24963
339166590
-1183337104
 339166563
-1183336957
1016.409424
26.479166
24963
339166590
-1183337104
 339166565
-1183336957
1016.409424
26.479166
24963
339166590
-1183337104
 339166571
-1183336968
1016.409424
26.479166
24963
339166590
-1183337104
 339166571
-1183336973
1016.409424
26.479166
24963
339166590
-1183337104
 339166572
-1183336973
1016.409424
26.479166
24963
339166590
-1183337104
 339166578
-1183336977
1016.409424
26.479166
24963
339166590
-1183337104
 339166583
-1183336981
1016.409424
26.479166
24963
339166590
-1183337104
 339166583
-1183336991
1016.409424
26.479166
24963
339166590
-1183337104
 339166588
-1183336991
1016.409424
26.479166
24963
339166590
-1183337104
 339166596
-1183337001
1016.409424
26.479166
24963
339166590
-1183337104
 339166602
-1183337004
1016.409424
26.479166
24963
339166590
-1183337104
 