339166216
-1183336616
1016.409424
26.479166
24963
339166590
-1183337104
 339166227
-1183336616
1016.409424
26.479166
24963
339166590
-1183337104
 339166239
-1183336613
1016.409424
26.479166
24963
339166590
-1183337104
 339166242
-1183336633
1016.409424
26.479166
24963
339166590
-1183337104
 339166242
-1183336644
1016.409424
26.479166
24963
339166590
-1183337104
 339166248
-1183336644
1016.409424
26.479166
24963
339166590
-1183337104
 339166268
-1183336647
1016.409424
26.479166
24963
339166590
-1183337104
 339166268
-1183336657
1016.409424
26.479166
24963
339166590
-1183337104
 339166276
-1183336657
1016.409424
26.479166
24963
339166590
-1183337104
 339166280
-1183336669
1016.409424
26.479166
24963
339166590
-1183337104
 339166280
-1183336679
1016.409424
26.479166
24963
339166590
-1183337104
 339166273
-1183336679
1016.409424
26.479166
24963
339166590
-1183337104
 339166265
-1183336702
1016.409424
26.479166
24963
339166590
-1183337104
 339166265
-1183336722
1016.409424
26.479166
24963
339166590
-1183337104
 339166267
-1183336722
1016.409424
26.479166
24963
339166590
-1183337104
 339166257
-1183336747
1016.409424
26.479166
24963
339166590
-1183337104
 339166257
-1183336759
1016.409424
26.479166
24963
339166590
-1183337104
 339166274
-1183336759
1016.409424
26.479166
24963
339166590
-1183337104
 339166281
-1183336778
1016.409424
26.479166
24963
339166590
-1183337104
 339166281
-1183336787
1016.409424
26.479166
24963
339166590
-1183337104
 339166282
-1183336787
1016.409424
26.479166
24963
339166590
-1183337104
 339166278
-1183336799
1016.409424
26.479166
24963
339166590
-1183337104
 339166278
-1183336823
1016.409424
26.479166
24963
339166590
-1183337104
 339166283
-1183336823
1016.409424
26.479166
24963
339166590
-1183337104
 339166303
-1183336852
1016.409424
26.479166
24963
339166590
-1183337104
 339166303
-1183336859
1016.409424
26.479166
24963
339166590
-1183337104
 339166292
-1183336859
1016.409424
26.479166
24963
339166590
-1183337104
 339166286
-1183336878
1016.409424
26.479166
24963
339166590
-1183337104
 339166286
-1183336877
1016.409424
26.479166
24963
339166590
-1183337104
 339166275
-1183336877
1016.409424
26.479166
24963
339166590
-1183337104
 339166262
-1183336867
1016.409424
26.479166
24963
339166590
-1183337104
 339166279
-1183336867
1016.409424
26.479166
24963
339166590
-1183337104
 339166292
-1183336874
1016.409424
26.479166
24963
339166590
-1183337104
 339166312
-1183336870
1016.409424
26.479166
24963
339166590
-1183337104
 339166312
-1183336870
1016.409424
26.479166
24963
339166590
-1183337104
 339166325
-1183336870
1016.409424
26.479166
24963
339166590
-1183337104
 339166330
-1183336853
1016.409424
26.479166
24963
339166590
-1183337104
 339166330
-1183336854
1016.409424
26.479166
24963
339166590
-1183337104
 339166350
-1183336854
1016.409424
26.479166
24963
339166590
-1183337104
 339166341
-1183336842
1016.409424
26.479166
24963
339166590
-1183337104
 339166341
-1183336840
1016.409424
26.479166
24963
339166590
-1183337104
 339166353
-1183336840
1016.409424
26.479166
24963
339166590
-1183337104
 339166401
-1183336848
1016.409424
26.479166
24963
339166590
-1183337104
 339166401
-1183336838
1016.409424
26.479166
24963
339166590
-1183337104
 339166405
-1183336838
1016.409424
26.479166
24963
339166590
-1183337104
 339166384
-1183336829
1016.409424
26.479166
24963
339166590
-1183337104
 339166384
-1183336819
1016.409424
26.479166
24963
339166590
-1183337104
 339166391
-1183336819
1016.409424
26.479166
24963
339166590
-1183337104
 339166385
-1183336807
1016.409424
26.479166
24963
339166590
-1183337104
 339166374
-1183336792
1016.409424
26.479166
24963
339166590
-1183337104
 339166374
-1183336788
1016.409424
26.479166
24963
339166590
-1183337104
 339166374
-1183336788
1016.409424
26.479166
24963
339166590
-1183337104
 339166372
-1183336772
1016.409424
26.479166
24963
339166590
-1183337104
 339166372
-1183336758
1016.409424
26.479166
24963
339166590
-1183337104
 339166367
-1183336758
1016.409424
26.479166
24963
339166590
-1183337104
 339166355
-1183336735
1016.409424
26.479166
24963
339166590
-1183337104
 339166355
-1183336734
1016.409424
26.479166
24963
339166590
-1183337104
 339166359
-1183336734
1016.409424
26.479166
24963
339166590
-1183337104
 339166361
-1183336725
1016.409424
26.479166
24963
339166590
-1183337104
 339166348
-1183336699
1016.409424
26.479166
24963
339166590
-1183337104
 339166348
-1183336685
1016.409424
26.479166
24963
339166590
-1183337104
 339166349
-1183336685
1016.409424
26.479166
24963
339166590
-1183337104
 339166326
-1183336656
1016.409424
26.479166
24963
339166590
-1183337104
 339166326
-1183336654
1016.409424
26.479166
24963
339166590
-1183337104
 339166324
-1183336654
1016.409424
26.479166
24963
339166590
-1183337104
 339166351
-1183336662
1016.409424
26.479166
24963
339166590
-1183337104
 339166351
-1183336659
1016.409424
26.479166
24963
339166590
-1183337104
 339166355
-1183336659
1016.409424
26.479166
24963
339166590
-1183337104
 339166387
-1183336661
1016.409424
26.479166
24963
339166590
-1183337104
 339166387
-1183336668
1016.409424
26.479166
24963
339166590
-1183337104
 339166402
-1183336668
1016.409424
26.479166
24963
339166590
-1183337104
 339166425
-1183336690
1016.409424
26.479166
24963
339166590
-1183337104
 339166425
-1183336697
1016.409424
26.479166
24963
339166590
-1183337104
 339166434
-1183336697
1016.409424
26.479166
24963
339166590
-1183337104
 339166455
-1183336698
1016.409424
26.479166
24963
339166590
-1183337104
 339166455
-1183336688
1016.409424
26.479166
24963
339166590
-1183337104
 339166464
-1183336688
1016.409424
26.479166
24963
339166590
-1183337104
 339166496
-1183336669
1016.409424
26.479166
24963
339166590
-1183337104
 339166496
-1183336662
1016.409424
26.479166
24963
339166590
-1183337104
 339166511
-1183336662
1016.409424
26.479166
24963
339166590
-1183337104
 339166538
-1183336672
1016.409424
26.479166
24963
339166590
-1183337104
 339166538
-1183336662
1016.409424
26.479166
24963
339166590
-1183337104
 339166539
-1183336662
1016.409424
26.479166
24963
339166590
-1183337104
 339166541
-1183336706
1016.409424
26.479166
24963
339166590
-1183337104
 339166541
-1183336716
1016.409424
26.479166
24963
339166590
-1183337104
 339166540
-1183336716
1016.409424
26.479166
24963
339166590
-1183337104
 339166556
-1183336679
1016.409424
26.479166
24963
339166590
-1183337104
 339166556
-1183336704
1016.409424
26.479166
24963
339166590
-1183337104
 339166553
-1183336704
1016.409424
26.479166
24963
339166590
-1183337104
 339166568
-1183336681
1016.409424
26.479166
24963
339166590
-1183337104
 339166568
-1183336687
1016.409424
26.479166
24963
339166590
-1183337104
 339166580
-1183336687
1016.409424
26.479166
24963
339166590
-1183337104
 339166574
-1183336694
1016.409424
26.479166
24963
339166590
-1183337104
 339166574
-1183336753
1016.409424
26.479166
24963
339166590
-1183337104
 339166564
-1183336753
1016.409424
26.479166
24963
339166590
-1183337104
 339166569
-1183336798
1016.409424
26.479166
24963
339166590
-1183337104
 339166569
-1183336837
1016.409424
26.479166
24963
339166590
-1183337104
 339166554
-1183336837
1016.409424
26.479166
24963
339166590
-1183337104
 339166536
-1183336885
1016.409424
26.479166
24963
339166590
-1183337104
 339166536
-1183336886
1016.409424
26.479166
24963
339166590
-1183337104
 339166539
-1183336886
1016.409424
26.479166
24963
339166590
-1183337104
 339166539
-1183336900
1016.409424
26.479166
24963
339166590
-1183337104
 339166565
-1183336896
1016.409424
26.479166
24963
339166590
-1183337104
 339166565
-1183336848
1016.409424
26.479166
24963
339166590
-1183337104
 339166563
-1183336848
1016.409424
26.479166
24963
339166590
-1183337104
 339166557
-1183336874
1016.409424
26.479166
24963
339166590
-1183337104
 339166568
-1183336937
1016.409424
26.479166
24963
339166590
-1183337104
 339166568
-1183336896
1016.409424
26.479166
24963
339166590
-1183337104
 339166546
-1183336896
1016.409424
26.479166
24963
339166590
-1183337104
 339166516
-1183336844
1016.409424
26.479166
24963
339166590
-1183337104
 339166498
-1183336788
1016.409424
26.479166
24963
339166590
-1183337104
 339166498
-1183336813
1016.409424
26.479166
24963
339166590
-1183337104
 339166515
-1183336813
1016.409424
26.479166
24963
339166590
-1183337104
 339166549
-1183336813
1016.409424
26.479166
24963
339166590
-1183337104
 339166549
-1183336829
1016.409424
26.479166
24963
339166590
-1183337104
 339166574
-1183336829
1016.409424
26.479166
24963
339166590
-1183337104
 339166612
-1183336819
1016.409424
26.479166
24963
339166590
-1183337104
 339166612
-1183336834
1016.409424
26.479166
24963
339166590
-1183337104
 339166635
-1183336834
1016.409424
26.479166
24963
339166590
-1183337104
 339166638
-1183336837
1016.409424
26.479166
24963
339166590
-1183337104
 339166638
-1183336846
1016.409424
26.479166
24963
339166590
-1183337104
 339166650
-1183336846
1016.409424
26.479166
24963
339166590
-1183337104
 339166659
-1183336847
1016.409424
26.479166
24963
339166590
-1183337104
 339166659
-1183336842
1016.409424
26.479166
24963
339166590
-1183337104
 339166655
-1183336842
1016.409424
26.479166
24963
339166590
-1183337104
 339166660
-1183336830
1016.409424
26.479166
24963
339166590
-1183337104
 339166660
-1183336824
1016.409424
26.479166
24963
339166590
-1183337104
 339166646
-1183336824
1016.409424
26.479166
24963
339166590
-1183337104
 339166601
-1183336834
1016.409424
26.479166
24963
339166590
-1183337104
 339166601
-1183336835
1016.409424
26.479166
24963
339166590
-1183337104
 339166585
-1183336835
1016.409424
26.479166
24963
339166590
-1183337104
 339166564
-1183336846
1016.409424
26.479166
24963
339166590
-1183337104
 339166559
-1183336862
1016.409424
26.479166
24963
339166590
-1183337104
 339166559
-1183336868
1016.409424
26.479166
24963
339166590
-1183337104
 339166564
-1183336868
1016.409424
26.479166
24963
339166590
-1183337104
 339166563
-1183336899
1016.409424
26.479166
24963
339166590
-1183337104
 339166563
-1183336893
1016.409424
26.479166
24963
339166590
-1183337104
 339166567
-1183336893
1016.409424
26.479166
24963
339166590
-1183337104
 339166558
-1183336902
1016.409424
26.479166
24963
339166590
-1183337104
 339166552
-1183336912
1016.409424
26.479166
24963
339166590
-1183337104
 339166552
-1183336920
1016.409424
26.479166
24963
339166590
-1183337104
 339166546
-1183336920
1016.409424
26.479166
24963
339166590
-1183337104
 339166532
-1183336915
1016.409424
26.479166
24963
339166590
-1183337104
 339166524
-1183336908
1016.409424
26.479166
24963
339166590
-1183337104
 339166524
-1183336902
1016.409424
26.479166
24963
339166590
-1183337104
 339166529
-1183336902
1016.409424
26.479166
24963
339166590
-1183337104
 339166530
-1183336917
1016.409424
26.479166
24963
339166590
-1183337104
 339166515
-1183336953
1016.409424
26.479166
24963
339166590
-1183337104
 339166515
-1183336963
1016.409424
26.479166
24963
339166590
-1183337104
 339166513
-1183336963
1016.409424
26.479166
24963
339166590
-1183337104
 339166507
-1183336966
1016.409424
26.479166
24963
339166590
-1183337104
 339166499
-1183336981
1016.409424
26.479166
24963
339166590
-1183337104
 339166499
-1183336967
1016.409424
26.479166
24963
339166590
-1183337104
 339166494
-1183336967
1016.409424
26.479166
24963
339166590
-1183337104
 339166498
-1183336937
1016.409424
26.479166
24963
339166590
-1183337104
 339166496
-1183336931
1016.409424
26.479166
24963
339166590
-1183337104
 339166496
-1183336934
1016.409424
26.479166
24963
339166590
-1183337104
 339166499
-1183336934
1016.409424
26.479166
24963
339166590
-1183337104
 339166501
-1183336965
1016.409424
26.479166
24963
339166590
-1183337104
 339166501
-1183336973
1016.409424
26.479166
24963
339166590
-1183337104
 339166504
-1183336973
1016.409424
26.479166
24963
339166590
-1183337104
 339166514
-1183337006
1016.409424
26.479166
24963
339166590
-1183337104
 339166514
-1183337016
1016.409424
26.479166
24963
339166590
-1183337104
 339166512
-1183337016
1016.409424
26.479166
24963
339166590
-1183337104
 339166521
-1183337022
1016.409424
26.479166
24963
339166590
-1183337104
 339166521
-1183336996
1016.409424
26.479166
24963
339166590
-1183337104
 339166528
-1183336996
1016.409424
26.479166
24963
339166590
-1183337104
 339166527
-1183337029
1016.409424
26.479166
24963
339166590
-1183337104
 339166527
-1183337017
1016.409424
26.479166
24963
339166590
-1183337104
 339166527
-1183337017
1016.409424
26.479166
24963
339166590
-1183337104
 339166515
-1183337038
1016.409424
26.479166
24963
339166590
-1183337104
 339166508
-1183337056
1016.409424
26.479166
24963
339166590
-1183337104
 339166508
-1183337078
1016.409424
26.479166
24963
339166590
-1183337104
 339166502
-1183337078
1016.409424
26.479166
24963
339166590
-1183337104
 339166495
-1183337110
1016.409424
26.479166
24963
339166590
-1183337104
 339166498
-1183337134
1016.409424
26.479166
24963
339166590
-1183337104
 339166498
-1183337154
1016.409424
26.479166
24963
339166590
-1183337104
 339166486
-1183337154
1016.409424
26.479166
24963
339166590
-1183337104
 339166482
-1183337171
1016.409424
26.479166
24963
339166590
-1183337104
 339166482
-1183337174
1016.409424
26.479166
24963
339166590
-1183337104
 339166480
-1183337174
1016.409424
26.479166
24963
339166590
-1183337104
 339166476
-1183337187
1016.409424
26.479166
24963
339166590
-1183337104
 339166476
-1183337193
1016.409424
26.479166
24963
339166590
-1183337104
 339166472
-1183337193
1016.409424
26.479166
24963
339166590
-1183337104
 339166468
-1183337202
1016.409424
26.479166
24963
339166590
-1183337104
 339166466
-1183337207
1016.409424
26.479166
24963
339166590
-1183337104
 339166466
-1183337202
1016.409424
26.479166
24963
339166590
-1183337104
 339166469
-1183337202
1016.409424
26.479166
24963
339166590
-1183337104
 339166463
-1183337210
1016.409424
26.479166
24963
339166590
-1183337104
 339166466
-1183337222
1016.409424
26.479166
24963
339166590
-1183337104
 339166466
-1183337229
1016.409424
26.479166
24963
339166590
-1183337104
 339166460
-1183337229
1016.409424
26.479166
24963
339166590
-1183337104
 339166448
-1183337250
1016.409424
26.479166
24963
339166590
-1183337104
 339166448
-1183337265
1016.409424
26.479166
24963
339166590
-1183337104
 339166444
-1183337265
1016.409424
26.479166
24963
339166590
-1183337104
 339166445
-1183337279
1016.409424
26.479166
24963
339166590
-1183337104
 339166434
-1183337279
1016.409424
26.479166
24963
339166590
-1183337104
 339166434
-1183337285
1016.409424
26.479166
24963
339166590
-1183337104
 339166420
-1183337285
1016.409424
26.479166
24963
339166590
-1183337104
 339166419
-1183337305
1016.409424
26.479166
24963
339166590
-1183337104
 339166419
-1183337316
1016.409424
26.479166
24963
339166590
-1183337104
 339166419
-1183337316
1016.409424
26.479166
24963
339166590
-1183337104
 339166417
-1183337331
1016.409424
26.479166
24963
339166590
-1183337104
 339166417
-1183337353
1016.409424
26.479166
24963
339166590
-1183337104
 339166418
-1183337353
1016.409424
26.479166
24963
339166590
-1183337104
 339166434
-1183337371
1016.409424
26.479166
24963
339166590
-1183337104
 339166434
-1183337380
1016.409424
26.479166
24963
339166590
-1183337104
 339166439
-1183337380
1016.409424
26.479166
24963
339166590
-1183337104
 339166444
-1183337390
1016.409424
26.479166
24963
339166590
-1183337104
 339166444
-1183337385
1016.409424
26.479166
24963
339166590
-1183337104
 339166443
-1183337385
1016.409424
26.479166
24963
339166590
-1183337104
 339166443
-1183337387
1016.409424
26.479166
24963
339166590
-1183337104
 339166448
-1183337380
1016.409424
26.479166
24963
339166590
-1183337104
 339166448
-1183337384
1016.409424
26.479166
24963
339166590
-1183337104
 339166453
-1183337384
1016.409424
26.479166
24963
339166590
-1183337104
 339166455
-1183337383
1016.409424
26.479166
24963
339166590
-1183337104
 339166456
-1183337375
1016.409424
26.479166
24963
339166590
-1183337104
 339166456
-1183337365
1016.409424
26.479166
24963
339166590
-1183337104
 339166459
-1183337365
1016.409424
26.479166
24963
339166590
-1183337104
 339166462
-1183337356
1016.409424
26.479166
24963
339166590
-1183337104
 339166470
-1183337361
1016.409424
26.479166
24963
339166590
-1183337104
 339166470
-1183337371
1016.409424
26.479166
24963
339166590
-1183337104
 339166474
-1183337371
1016.409424
26.479166
24963
339166590
-1183337104
 339166480
-1183337346
1016.409424
26.479166
24963
339166590
-1183337104
 339166481
-1183337322
1016.409424
26.479166
24963
339166590
-1183337104
 339166481
-1183337301
1016.409424
26.479166
24963
339166590
-1183337104
 339166482
-1183337301
1016.409424
26.479166
24963
339166590
-1183337104
 339166482
-1183337303
1016.409424
26.479166
24963
339166590
-1183337104
 339166482
-1183337299
1016.409424
26.479166
24963
339166590
-1183337104
 339166488
-1183337299
1016.409424
26.479166
24963
339166590
-1183337104
 339166498
-1183337291
1016.409424
26.479166
24963
339166590
-1183337104
 339166498
-1183337289
1016.409424
26.479166
24963
339166590
-1183337104
 339166508
-1183337289
1016.409424
26.479166
24963
339166590
-1183337104
 339166520
-1183337275
1016.409424
26.479166
24963
339166590
-1183337104
 339166520
-1183337271
1016.409424
26.479166
24963
339166590
-1183337104
 339166530
-1183337271
1016.409424
26.479166
24963
339166590
-1183337104
 339166519
-1183337251
1016.409424
26.479166
24963
339166590
-1183337104
 339166519
-1183337250
1016.409424
26.479166
24963
339166590
-1183337104
 339166518
-1183337250
1016.409424
26.479166
24963
339166590
-1183337104
 339166511
-1183337246
1016.409424
26.479166
24963
339166590
-1183337104
 339166511
-1183337222
1016.409424
26.479166
24963
339166590
-1183337104
 339166503
-1183337222
1016.409424
26.479166
24963
339166590
-1183337104
 339166497
-1183337198
1016.409424
26.479166
24963
339166590
-1183337104
 339166497
-1183337194
1016.409424
26.479166
24963
339166590
-1183337104
 339166490
-1183337194
1016.409424
26.479166
24963
339166590
-1183337104
 339166483
-1183337191
1016.409424
26.479166
24963
339166590
-1183337104
 339166483
-1183337191
1016.409424
26.479166
24963
339166590
-1183337104
 339166482
-1183337191
1016.409424
26.479166
24963
339166590
-1183337104
 339166476
-1183337180
1016.409424
26.479166
24963
339166590
-1183337104
 339166476
-1183337178
1016.409424
26.479166
24963
339166590
-1183337104
 339166473
-1183337178
1016.409424
26.479166
24963
339166590
-1183337104
 339166475
-1183337190
1016.409424
26.479166
24963
339166590
-1183337104
 339166480
-1183337212
1016.409424
26.479166
24963
339166590
-1183337104
 339166480
-1183337235
1016.409424
26.479166
24963
339166590
-1183337104
 339166476
-1183337235
1016.409424
26.479166
24963
339166590
-1183337104
 339166473
-1183337237
1016.409424
26.479166
24963
339166590
-1183337104
 339166473
-1183337232
1016.409424
26.479166
24963
339166590
-1183337104
 339166473
-1183337195
1016.409424
26.479166
24963
339166590
-1183337104
 339166471
-1183337195
1016.409424
26.479166
24963
339166590
-1183337104
 339166460
-1183337194
1016.409424
26.479166
24963
339166590
-1183337104
 339166455
-1183337182
1016.409424
26.479166
24963
339166590
-1183337104
 339166455
-1183337144
1016.409424
26.479166
24963
339166590
-1183337104
 339166460
-1183337144
1016.409424
26.479166
24963
339166590
-1183337104
 339166464
-1183337145
1016.409424
26.479166
24963
339166590
-1183337104
 339166464
-1183337147
1016.409424
26.479166
24963
339166590
-1183337104
 339166458
-1183337147
1016.409424
26.479166
24963
339166590
-1183337104
 339166448
-1183337143
1016.409424
26.479166
24963
339166590
-1183337104
 339166448
-1183337149
1016.409424
26.479166
24963
339166590
-1183337104
 339166441
-1183337149
1016.409424
26.479166
24963
339166590
-1183337104
 339166439
-1183337149
1016.409424
26.479166
24963
339166590
-1183337104
 339166439
-1183337140
1016.409424
26.479166
24963
339166590
-1183337104
 339166440
-1183337140
1016.409424
26.479166
24963
339166590
-1183337104
 339166448
-1183337128
1016.409424
26.479166
24963
339166590
-1183337104
 339166448
-1183337127
1016.409424
26.479166
24963
339166590
-1183337104
 339166442
-1183337127
1016.409424
26.479166
24963
339166590
-1183337104
 339166431
-1183337122
1016.409424
26.479166
24963
339166590
-1183337104
 339166431
-1183337122
1016.409424
26.479166
24963
339166590
-1183337104
 339166431
-1183337115
1016.409424
26.479166
24963
339166590
-1183337104
 339166422
-1183337115
1016.409424
26.479166
24963
339166590
-1183337104
 339166415
-1183337113
1016.409424
26.479166
24963
339166590
-1183337104
 339166412
-1183337109
1016.409424
26.479166
24963
339166590
-1183337104
 339166412
-1183337110
1016.409424
26.479166
24963
339166590
-1183337104
 339166406
-1183337110
1016.409424
26.479166
24963
339166590
-1183337104
 339166397
-1183337107
1016.409424
26.479166
24963
339166590
-1183337104
 339166390
-1183337103
1016.409424
26.479166
24963
339166590
-1183337104
 339166390
-1183337106
1016.409424
26.479166
24963
339166590
-1183337104
 339166387
-1183337106
1016.409424
26.479166
24963
339166590
-1183337104
 339166381
-1183337115
1016.409424
26.479166
24963
339166590
-1183337104
 339166383
-1183337114
1016.409424
26.479166
24963
339166590
-1183337104
 339166383
-1183337103
1016.409424
26.479166
24963
339166590
-1183337104
 339166379
-1183337103
1016.409424
26.479166
24963
339166590
-1183337104
 339166382
-1183337093
1016.409424
26.479166
24963
339166590
-1183337104
 339166381
-1183337088
1016.409424
26.479166
24963
339166590
-1183337104
 339166381
-1183337079
1016.409424
26.479166
24963
339166590
-1183337104
 339166383
-1183337079
1016.409424
26.479166
24963
339166590
-1183337104
 339166382
-1183337078
1016.409424
26.479166
24963
339166590
-1183337104
 339166384
-1183337080
1016.409424
26.479166
24963
339166590
-1183337104
 339166384
-1183337080
1016.409424
26.479166
24963
339166590
-1183337104
 339166388
-1183337080
1016.409424
26.479166
24963
339166590
-1183337104
 339166388
-1183337075
1016.409424
26.479166
24963
339166590
-1183337104
 339166388
-1183337073
1016.409424
26.479166
24963
339166590
-1183337104
 339166386
-1183337073
1016.409424
26.479166
24963
339166590
-1183337104
 339166382
-1183337054
1016.409424
26.479166
24963
339166590
-1183337104
 339166382
-1183337041
1016.409424
26.479166
24963
339166590
-1183337104
 339166375
-1183337041
1016.409424
26.479166
24963
339166590
-1183337104
 339166372
-1183337017
1016.409424
26.479166
24963
339166590
-1183337104
 339166372
-1183337006
1016.409424
26.479166
24963
339166590
-1183337104
 339166366
-1183337006
1016.409424
26.479166
24963
339166590
-1183337104
 339166366
-1183336997
1016.409424
26.479166
24963
339166590
-1183337104
 339166366
-1183336981
1016.409424
26.479166
24963
339166590
-1183337104
 339166366
-1183336976
1016.409424
26.479166
24963
339166590
-1183337104
 339166369
-1183336976
1016.409424
26.479166
24963
339166590
-1183337104
 339166370
-1183336976
1016.409424
26.479166
24963
339166590
-1183337104
 339166361
-1183336976
1016.409424
26.479166
24963
339166590
-1183337104
 339166361
-1183336966
1016.409424
26.479166
24963
339166590
-1183337104
 339166358
-1183336966
1016.409424
26.479166
24963
339166590
-1183337104
 339166366
-1183336965
1016.409424
26.479166
24963
339166590
-1183337104
 339166366
-1183336962
1016.409424
26.479166
24963
339166590
-1183337104
 339166373
-1183336962
1016.409424
26.479166
24963
339166590
-1183337104
 339166383
-1183336965
1016.409424
26.479166
24963
339166590
-1183337104
 339166383
-1183336972
1016.409424
26.479166
24963
339166590
-1183337104
 339166382
-1183336972
1016.409424
26.479166
24963
339166590
-1183337104
 339166381
-1183336986
1016.409424
26.479166
24963
339166590
-1183337104
 339166376
-1183337010
1016.409424
26.479166
24963
339166590
-1183337104
 339166376
-1183337002
1016.409424
26.479166
24963
339166590
-1183337104
 339166385
-1183337002
1016.409424
26.479166
24963
339166590
-1183337104
 339166387
-1183336998
1016.409424
26.479166
24963
339166590
-1183337104
 339166379
-1183336991
1016.409424
26.479166
24963
339166590
-1183337104
 339166379
-1183336972
1016.409424
26.479166
24963
339166590
-1183337104
 339166375
-1183336972
1016.409424
26.479166
24963
339166590
-1183337104
 339166355
-1183336936
1016.409424
26.479166
24963
339166590
-1183337104
 339166355
-1183336916
1016.409424
26.479166
24963
339166590
-1183337104
 339166350
-1183336916
1016.409424
26.479166
24963
339166590
-1183337104
 339166335
-1183336898
1016.409424
26.479166
24963
339166590
-1183337104
 339166335
-1183336887
1016.409424
26.479166
24963
339166590
-1183337104
 339166333
-1183336887
1016.409424
26.479166
24963
339166590
-1183337104
 339166335
-1183336884
1016.409424
26.479166
24963
339166590
-1183337104
 339166335
-1183336890
1016.409424
26.479166
24963
339166590
-1183337104
 339166335
-1183336892
1016.409424
26.479166
24963
339166590
-1183337104
 339166333
-1183336892
1016.409424
26.479166
24963
339166590
-1183337104
 339166336
-1183336868
1016.409424
26.479166
24963
339166590
-1183337104
 339166336
-1183336854
1016.409424
26.479166
24963
339166590
-1183337104
 339166342
-1183336854
1016.409424
26.479166
24963
339166590
-1183337104
 339166342
-1183336844
1016.409424
26.479166
24963
339166590
-1183337104
 339166344
-1183336839
1016.409424
26.479166
24963
339166590
-1183337104
 339166344
-1183336836
1016.409424
26.479166
24963
339166590
-1183337104
 339166352
-1183336836
1016.409424
26.479166
24963
339166590
-1183337104
 339166348
-1183336777
1016.409424
26.479166
24963
339166590
-1183337104
 339166348
-1183336770
1016.409424
26.479166
24963
339166590
-1183337104
 339166338
-1183336770
1016.409424
26.479166
24963
339166590
-1183337104
 339166333
-1183336737
1016.409424
26.479166
24963
339166590
-1183337104
 339166333
-1183336725
1016.409424
26.479166
24963
339166590
-1183337104
 339166331
-1183336725
1016.409424
26.479166
24963
339166590
-1183337104
 339166329
-1183336712
1016.409424
26.479166
24963
339166590
-1183337104
 339166332
-1183336703
1016.409424
26.479166
24963
339166590
-1183337104
 339166332
-1183336691
1016.409424
26.479166
24963
339166590
-1183337104
 339166342
-1183336691
1016.409424
26.479166
24963
339166590
-1183337104
 339166365
-1183336658
1016.409424
26.479166
24963
339166590
-1183337104
 339166365
-1183336642
1016.409424
26.479166
24963
339166590
-1183337104
 339166373
-1183336642
1016.409424
26.479166
24963
339166590
-1183337104
 339166377
-1183336621
1016.409424
26.479166
24963
339166590
-1183337104
 339166377
-1183336615
1016.409424
26.479166
24963
339166590
-1183337104
 339166380
-1183336615
1016.409424
26.479166
24963
339166590
-1183337104
 339166373
-1183336613
1016.409424
26.479166
24963
339166590
-1183337104
 339166373
-1183336611
1016.409424
26.479166
24963
339166590
-1183337104
 339166370
-1183336611
1016.409424
26.479166
24963
339166590
-1183337104
 339166366
-1183336614
1016.409424
26.479166
24963
339166590
-1183337104
 339166368
-1183336617
1016.409424
26.479166
24963
339166590
-1183337104
 339166368
-1183336621
1016.409424
26.479166
24963
339166590
-1183337104
 339166368
-1183336621
1016.409424
26.479166
24963
339166590
-1183337104
 339166363
-1183336626
1016.409424
26.479166
24963
339166590
-1183337104
 339166367
-1183336621
1016.409424
26.479166
24963
339166590
-1183337104
 339166367
-1183336638
1016.409424
26.479166
24963
339166590
-1183337104
 339166376
-1183336638
1016.409424
26.479166
24963
339166590
-1183337104
 339166382
-1183336651
1016.409424
26.479166
24963
339166590
-1183337104
 339166398
-1183336639
1016.409424
26.479166
24963
339166590
-1183337104
 339166398
-1183336634
1016.409424
26.479166
24963
339166590
-1183337104
 339166403
-1183336634
1016.409424
26.479166
24963
339166590
-1183337104
 339166401
-1183336652
1016.409424
26.479166
24963
339166590
-1183337104
 339166401
-1183336644
1016.409424
26.479166
24963
339166590
-1183337104
 339166411
-1183336644
1016.409424
26.479166
24963
339166590
-1183337104
 339166423
-1183336644
1016.409424
26.479166
24963
339166590
-1183337104
 339166423
-1183336642
1016.409424
26.479166
24963
339166590
-1183337104
 339166438
-1183336642
1016.409424
26.479166
24963
339166590
-1183337104
 339166457
-1183336654
1016.409424
26.479166
24963
339166590
-1183337104
 339166457
-1183336661
1016.409424
26.479166
24963
339166590
-1183337104
 339166458
-1183336661
1016.409424
26.479166
24963
339166590
-1183337104
 339166472
-1183336666
1016.409424
26.479166
24963
339166590
-1183337104
 339166472
-1183336669
1016.409424
26.479166
24963
339166590
-1183337104
 339166481
-1183336669
1016.409424
26.479166
24963
339166590
-1183337104
 339166490
-1183336687
1016.409424
26.479166
24963
339166590
-1183337104
 339166490
-1183336690
1016.409424
26.479166
24963
339166590
-1183337104
 339166501
-1183336690
1016.409424
26.479166
24963
339166590
-1183337104
 339166517
-1183336710
1016.409424
26.479166
24963
339166590
-1183337104
 339166517
-1183336716
1016.409424
26.479166
24963
339166590
-1183337104
 339166529
-1183336716
1016.409424
26.479166
24963
339166590
-1183337104
 339166538
-1183336724
1016.409424
26.479166
24963
339166590
-1183337104
 339166538
-1183336740
1016.409424
26.479166
24963
339166590
-1183337104
 339166533
-1183336740
1016.409424
26.479166
24963
339166590
-1183337104
 339166529
-1183336744
1016.409424
26.479166
24963
339166590
-1183337104
 339166529
-1183336738
1016.409424
26.479166
24963
339166590
-1183337104
 339166534
-1183336738
1016.409424
26.479166
24963
339166590
-1183337104
 339166543
-1183336757
1016.409424
26.479166
24963
339166590
-1183337104
 339166543
-1183336764
1016.409424
26.479166
24963
339166590
-1183337104
 339166543
-1183336764
1016.409424
26.479166
24963
339166590
-1183337104
 339166548
-1183336772
1016.409424
26.479166
24963
339166590
-1183337104
 339166548
-1183336786
1016.409424
26.479166
24963
339166590
-1183337104
 339166553
-1183336786
1016.409424
26.479166
24963
339166590
-1183337104
 339166561
-1183336820
1016.409424
26.479166
24963
339166590
-1183337104
 339166561
-1183336840
1016.409424
26.479166
24963
339166590
-1183337104
 339166549
-1183336840
1016.409424
26.479166
24963
339166590
-1183337104
 339166535
-1183336848
1016.409424
26.479166
24963
339166590
-1183337104
 339166515
-1183336856
1016.409424
26.479166
24963
339166590
-1183337104
 339166515
-1183336866
1016.409424
26.479166
24963
339166590
-1183337104
 339166506
-1183336866
1016.409424
26.479166
24963
339166590
-1183337104
 339166496
-1183336867
1016.409424
26.479166
24963
339166590
-1183337104
 339166496
-1183336869
1016.409424
26.479166
24963
339166590
-1183337104
 339166490
-1183336869
1016.409424
26.479166
24963
339166590
-1183337104
 339166491
-1183336875
1016.409424
26.479166
24963
339166590
-1183337104
 339166491
-1183336858
1016.409424
26.479166
24963
339166590
-1183337104
 339166504
-1183336858
1016.409424
26.479166
24963
339166590
-1183337104
 339166524
-1183336814
1016.409424
26.479166
24963
339166590
-1183337104
 339166524
-1183336813
1016.409424
26.479166
24963
339166590
-1183337104
 339166539
-1183336813
1016.409424
26.479166
24963
339166590
-1183337104
 339166559
-1183336804
1016.409424
26.479166
24963
339166590
-1183337104
 339166559
-1183336796
1016.409424
26.479166
24963
339166590
-1183337104
 339166560
-1183336796
1016.409424
26.479166
24963
339166590
-1183337104
 339166528
-1183336771
1016.409424
26.479166
24963
339166590
-1183337104
 339166528
-1183336754
1016.409424
26.479166
24963
339166590
-1183337104
 339166527
-1183336754
1016.409424
26.479166
24963
339166590
-1183337104
 339166530
-1183336774
1016.409424
26.479166
24963
339166590
-1183337104
 339166530
-1183336782
1016.409424
26.479166
24963
339166590
-1183337104
 339166536
-1183336782
1016.409424
26.479166
24963
339166590
-1183337104
 339166542
-1183336820
1016.409424
26.479166
24963
339166590
-1183337104
 339166542
-1183336835
1016.409424
26.479166
24963
339166590
-1183337104
 339166545
-1183336835
1016.409424
26.479166
24963
339166590
-1183337104
 339166545
-1183336852
1016.409424
26.479166
24963
339166590
-1183337104
 339166542
-1183336860
1016.409424
26.479166
24963
339166590
-1183337104
 339166542
-1183336867
1016.409424
26.479166
24963
339166590
-1183337104
 339166535
-1183336867
1016.409424
26.479166
24963
339166590
-1183337104
 339166531
-1183336877
1016.409424
26.479166
24963
339166590
-1183337104
 339166531
-1183336870
1016.409424
26.479166
24963
339166590
-1183337104
 339166536
-1183336870
1016.409424
26.479166
24963
339166590
-1183337104
 339166541
-1183336872
1016.409424
26.479166
24963
339166590
-1183337104
 339166546
-1183336884
1016.409424
26.479166
24963
339166590
-1183337104
 339166546
-1183336907
1016.409424
26.479166
24963
339166590
-1183337104
 339166524
-1183336907
1016.409424
26.479166
24963
339166590
-1183337104
 339166526
-1183336952
1016.409424
26.479166
24963
339166590
-1183337104
 339166526
-1183336971
1016.409424
26.479166
24963
339166590
-1183337104
 339166515
-1183336971
1016.409424
26.479166
24963
339166590
-1183337104
 339166510
-1183336986
1016.409424
26.479166
24963
339166590
-1183337104
 339166502
-1183336994
1016.409424
26.479166
24963
339166590
-1183337104
 339166502
-1183336996
1016.409424
26.479166
24963
339166590
-1183337104
 339166487
-1183336996
1016.409424
26.479166
24963
339166590
-1183337104
 339166452
-1183337008
1016.409424
26.479166
24963
339166590
-1183337104
 339166452
-1183337019
1016.409424
26.479166
24963
339166590
-1183337104
 339166434
-1183337019
1016.409424
26.479166
24963
339166590
-1183337104
 339166390
-1183337025
1016.409424
26.479166
24963
339166590
-1183337104
 339166390
-1183337029
1016.409424
26.479166
24963
339166590
-1183337104
 339166385
-1183337029
1016.409424
26.479166
24963
339166590
-1183337104
 339166379
-1183337026
1016.409424
26.479166
24963
339166590
-1183337104
 339166379
-1183337013
1016.409424
26.479166
24963
339166590
-1183337104
 339166381
-1183337013
1016.409424
26.479166
24963
339166590
-1183337104
 339166388
-1183337008
1016.409424
26.479166
24963
339166590
-1183337104
 339166388
-1183337009
1016.409424
26.479166
24963
339166590
-1183337104
 339166401
-1183337009
1016.409424
26.479166
24963
339166590
-1183337104
 339166431
-1183336991
1016.409424
26.479166
24963
339166590
-1183337104
 339166431
-1183337000
1016.409424
26.479166
24963
339166590
-1183337104
 339166438
-1183337000
1016.409424
26.479166
24963
339166590
-1183337104
 339166443
-1183337024
1016.409424
26.479166
24963
339166590
-1183337104
 339166443
-1183337041
1016.409424
26.479166
24963
339166590
-1183337104
 339166444
-1183337041
1016.409424
26.479166
24963
339166590
-1183337104
 339166442
-1183337094
1016.409424
26.479166
24963
339166590
-1183337104
 339166442
-1183337120
1016.409424
26.479166
24963
339166590
-1183337104
 339166432
-1183337120
1016.409424
26.479166
24963
339166590
-1183337104
 339166407
-1183337170
1016.409424
26.479166
24963
339166590
-1183337104
 339166407
-1183337194
1016.409424
26.479166
24963
339166590
-1183337104
 339166389
-1183337194
1016.409424
26.479166
24963
339166590
-1183337104
 339166370
-1183337210
1016.409424
26.479166
24963
339166590
-1183337104
 339166352
-1183337224
1016.409424
26.479166
24963
339166590
-1183337104
 339166352
-1183337231
1016.409424
26.479166
24963
339166590
-1183337104
 339166347
-1183337231
1016.409424
26.479166
24963
339166590
-1183337104
 339166316
-1183337236
1016.409424
26.479166
24963
339166590
-1183337104
 339166316
-1183337239
1016.409424
26.479166
24963
339166590
-1183337104
 339166299
-1183337239
1016.409424
26.479166
24963
339166590
-1183337104
 339166276
-1183337229
1016.409424
26.479166
24963
339166590
-1183337104
 339166276
-1183337227
1016.409424
26.479166
24963
339166590
-1183337104
 339166257
-1183337227
1016.409424
26.479166
24963
339166590
-1183337104
 339166244
-1183337231
1016.409424
26.479166
24963
339166590
-1183337104
 339166232
-1183337234
1016.409424
26.479166
24963
339166590
-1183337104
 339166232
-1183337236
1016.409424
26.479166
24963
339166590
-1183337104
 339166222
-1183337236
1016.409424
26.479166
24963
339166590
-1183337104
 339166204
-1183337225
1016.409424
26.479166
24963
339166590
-1183337104
 339166204
-1183337216
1016.409424
26.479166
24963
339166590
-1183337104
 339166196
-1183337216
1016.409424
26.479166
24963
339166590
-1183337104
 339166196
-1183337190
1016.409424
26.479166
24963
339166590
-1183337104
 339166196
-1183337176
1016.409424
26.479166
24963
339166590
-1183337104
 339166189
-1183337176
1016.409424
26.479166
24963
339166590
-1183337104
 339166199
-1183337167
1016.409424
26.479166
24963
339166590
-1183337104
 339166199
-1183337151
1016.409424
26.479166
24963
339166590
-1183337104
 339166215
-1183337151
1016.409424
26.479166
24963
339166590
-1183337104
 339166242
-1183337135
1016.409424
26.479166
24963
339166590
-1183337104
 339166242
-1183337145
1016.409424
26.479166
24963
339166590
-1183337104
 339166250
-1183337145
1016.409424
26.479166
24963
339166590
-1183337104
 339166273
-1183337129
1016.409424
26.479166
24963
339166590
-1183337104
 339166273
-1183337113
1016.409424
26.479166
24963
339166590
-1183337104
 339166294
-1183337113
1016.409424
26.479166
24963
339166590
-1183337104
 339166297
-1183337133
1016.409424
26.479166
24963
339166590
-1183337104
 339166308
-1183337134
1016.409424
26.479166
24963
339166590
-1183337104
 339166308
-1183337113
1016.409424
26.479166
24963
339166590
-1183337104
 339166329
-1183337113
1016.409424
26.479166
24963
339166590
-1183337104
 339166365
-1183337115
1016.409424
26.479166
24963
339166590
-1183337104
 339166365
-1183337108
1016.409424
26.479166
24963
339166590
-1183337104
 339166380
-1183337108
1016.409424
26.479166
24963
339166590
-1183337104
 339166403
-1183337088
1016.409424
26.479166
24963
339166590
-1183337104
 339166403
-1183337063
1016.409424
26.479166
24963
339166590
-1183337104
 339166424
-1183337063
1016.409424
26.479166
24963
339166590
-1183337104
 339166452
-1183337050
1016.409424
26.479166
24963
339166590
-1183337104
 339166452
-1183337053
1016.409424
26.479166
24963
339166590
-1183337104
 339166453
-1183337053
1016.409424
26.479166
24963
339166590
-1183337104
 339166462
-1183337058
1016.409424
26.479166
24963
339166590
-1183337104
 339166476
-1183337049
1016.409424
26.479166
24963
339166590
-1183337104
 339166476
-1183337046
1016.409424
26.479166
24963
339166590
-1183337104
 339166487
-1183337046
1016.409424
26.479166
24963
339166590
-1183337104
 339166496
-1183337026
1016.409424
26.479166
24963
339166590
-1183337104
 339166505
-1183337021
1016.409424
26.479166
24963
339166590
-1183337104
 339166505
-1183336978
1016.409424
26.479166
24963
339166590
-1183337104
 339166530
-1183336978
1016.409424
26.479166
24963
339166590
-1183337104
 339166537
-1183336984
1016.409424
26.479166
24963
339166590
-1183337104
 339166537
-1183336977
1016.409424
26.479166
24963
339166590
-1183337104
 339166544
-1183336977
1016.409424
26.479166
24963
339166590
-1183337104
 339166561
-1183336956
1016.409424
26.479166
24963
339166590
-1183337104
 339166570
-1183336959
1016.409424
26.479166
24963
339166590
-1183337104
 339166570
-1183336964
1016.409424
26.479166
24963
339166590
-1183337104
 339166577
-1183336964
1016.409424
26.479166
24963
339166590
-1183337104
 339166597
-1183336982
1016.409424
26.479166
24963
339166590
-1183337104
 339166597
-1183336996
1016.409424
26.479166
24963
339166590
-1183337104
 339166606
-1183336996
1016.409424
26.479166
24963
339166590
-1183337104
 339166618
-1183337008
1016.409424
26.479166
24963
339166590
-1183337104
 339166629
-1183336995
1016.409424
26.479166
24963
339166590
-1183337104
 339166629
-1183337001
1016.409424
26.479166
24963
339166590
-1183337104
 339166635
-1183337001
1016.409424
26.479166
24963
339166590
-1183337104
 339166655
-1183337016
1016.409424
26.479166
24963
339166590
-1183337104
 339166655
-1183337029
1016.409424
26.479166
24963
339166590
-1183337104
 339166665
-1183337029
1016.409424
26.479166
24963
339166590
-1183337104
 339166696
-1183337047
1016.409424
26.479166
24963
339166590
-1183337104
 339166696
-1183337055
1016.409424
26.479166
24963
339166590
-1183337104
 339166704
-1183337055
1016.409424
26.479166
24963
339166590
-1183337104
 339166712
-1183337079
1016.409424
26.479166
24963
339166590
-1183337104
 339166712
-1183337076
1016.409424
26.479166
24963
339166590
-1183337104
 339166717
-1183337076
1016.409424
26.479166
24963
339166590
-1183337104
 339166723
-1183337081
1016.409424
26.479166
24963
339166590
-1183337104
 339166728
-1183337103
1016.409424
26.479166
24963
339166590
-1183337104
 339166728
-1183337101
1016.409424
26.479166
24963
339166590
-1183337104
 339166735
-1183337101
1016.409424
26.479166
24963
339166590
-1183337104
 339166749
-1183337090
1016.409424
26.479166
24963
339166590
-1183337104
 339166749
-1183337097
1016.409424
26.479166
24963
339166590
-1183337104
 339166754
-1183337097
1016.409424
26.479166
24963
339166590
-1183337104
 339166751
-1183337128
1016.409424
26.479166
24963
339166590
-1183337104
 339166751
-1183337137
1016.409424
26.479166
24963
339166590
-1183337104
 339166746
-1183337137
1016.409424
26.479166
24963
339166590
-1183337104
 339166734
-1183337105
1016.409424
26.479166
24963
339166590
-1183337104
 339166734
-1183337107
1016.409424
26.479166
24963
339166590
-1183337104
 339166730
-1183337107
1016.409424
26.479166
24963
339166590
-1183337104
 339166740
-1183337086
1016.409424
26.479166
24963
339166590
-1183337104
 339166740
-1183337072
1016.409424
26.479166
24963
339166590
-1183337104
 339166744
-1183337072
1016.409424
26.479166
24963
339166590
-1183337104
 339166744
-1183337047
1016.409424
26.479166
24963
339166590
-1183337104
 339166753
-1183337041
1016.409424
26.479166
24963
339166590
-1183337104
 339166753
-1183337041
1016.409424
26.479166
24963
339166590
-1183337104
 339166761
-1183337041
1016.409424
26.479166
24963
339166590
-1183337104
 339166755
-1183337017
1016.409424
26.479166
24963
339166590
-1183337104
 339166755
-1183337018
1016.409424
26.479166
24963
339166590
-1183337104
 339166748
-1183337018
1016.409424
26.479166
24963
339166590
-1183337104
 339166759
-1183336983
1016.409424
26.479166
24963
339166590
-1183337104
 339166759
-1183336971
1016.409424
26.479166
24963
339166590
-1183337104
 339166763
-1183336971
1016.409424
26.479166
24963
339166590
-1183337104
 339166764
-1183336992
1016.409424
26.479166
24963
339166590
-1183337104
 339166775
-1183337005
1016.409424
26.479166
24963
339166590
-1183337104
 339166775
-1183337028
1016.409424
26.479166
24963
339166590
-1183337104
 339166784
-1183337028
1016.409424
26.479166
24963
339166590
-1183337104
 339166795
-1183337009
1016.409424
26.479166
24963
339166590
-1183337104
 339166795
-1183337027
1016.409424
26.479166
24963
339166590
-1183337104
 339166795
-1183337027
1016.409424
26.479166
24963
339166590
-1183337104
 339166802
-1183337027
1016.409424
26.479166
24963
339166590
-1183337104
 339166802
-1183337028
1016.409424
26.479166
24963
339166590
-1183337104
 339166797
-1183337028
1016.409424
26.479166
24963
339166590
-1183337104
 339166805
-1183337002
1016.409424
26.479166
24963
339166590
-1183337104
 339166812
-1183336989
1016.409424
26.479166
24963
339166590
-1183337104
 339166812
-1183336970
1016.409424
26.479166
24963
339166590
-1183337104
 339166819
-1183336970
1016.409424
26.479166
24963
339166590
-1183337104
 339166791
-1183336998
1016.409424
26.479166
24963
339166590
-1183337104
 339166791
-1183336956
1016.409424
26.479166
24963
339166590
-1183337104
 339166753
-1183336956
1016.409424
26.479166
24963
339166590
-1183337104
 339166727
-1183336938
1016.409424
26.479166
24963
339166590
-1183337104
 339166727
-1183336905
1016.409424
26.479166
24963
339166590
-1183337104
 339166730
-1183336905
1016.409424
26.479166
24963
339166590
-1183337104
 339166722
-1183336912
1016.409424
26.479166
24963
339166590
-1183337104
 339166703
-1183336925
1016.409424
26.479166
24963
339166590
-1183337104
 339166703
-1183336925
1016.409424
26.479166
24963
339166590
-1183337104
 339166683
-1183336925
1016.409424
26.479166
24963
339166590
-1183337104
 339166639
-1183336949
1016.409424
26.479166
24963
339166590
-1183337104
 339166639
-1183336949
1016.409424
26.479166
24963
339166590
-1183337104
 339166613
-1183336949
1016.409424
26.479166
24963
339166590
-1183337104
 339166578
-1183336932
1016.409424
26.479166
24963
339166590
-1183337104
 339166578
-1183336934
1016.409424
26.479166
24963
339166590
-1183337104
 339166559
-1183336934
1016.409424
26.479166
24963
339166590
-1183337104
 339166516
-1183336986
1016.409424
26.479166
24963
339166590
-1183337104
 339166516
-1183336988
1016.409424
26.479166
24963
339166590
-1183337104
 339166494
-1183336988
1016.409424
26.479166
24963
339166590
-1183337104
 339166480
-1183336997
1016.409424
26.479166
24963
339166590
-1183337104
 339166471
-1183336994
1016.409424
26.479166
24963
339166590
-1183337104
 339166471
-1183337001
1016.409424
26.479166
24963
339166590
-1183337104
 339166455
-1183337001
1016.409424
26.479166
24963
339166590
-1183337104
 339166423
-1183337025
1016.409424
26.479166
24963
339166590
-1183337104
 339166423
-1183337016
1016.409424
26.479166
24963
339166590
-1183337104
 339166409
-1183337016
1016.409424
26.479166
24963
339166590
-1183337104
 339166393
-1183337024
1016.409424
26.479166
24963
339166590
-1183337104
 339166380
-1183337034
1016.409424
26.479166
24963
339166590
-1183337104
 339166380
-1183337053
1016.409424
26.479166
24963
339166590
-1183337104
 339166378
-1183337053
1016.409424
26.479166
24963
339166590
-1183337104
 339166374
-1183337077
1016.409424
26.479166
24963
339166590
-1183337104
 339166374
-1183337059
1016.409424
26.479166
24963
339166590
-1183337104
 339166380
-1183337059
1016.409424
26.479166
24963
339166590
-1183337104
 339166380
-1183337093
1016.409424
26.479166
24963
339166590
-1183337104
 339166380
-1183337107
1016.409424
26.479166
24963
339166590
-1183337104
 339166381
-1183337107
1016.409424
26.479166
24963
339166590
-1183337104
 339166397
-1183337137
1016.409424
26.479166
24963
339166590
-1183337104
 339166397
-1183337161
1016.409424
26.479166
24963
339166590
-1183337104
 339166405
-1183337161
1016.409424
26.479166
24963
339166590
-1183337104
 339166411
-1183337240
1016.409424
26.479166
24963
339166590
-1183337104
 339166411
-1183337251
1016.409424
26.479166
24963
339166590
-1183337104
 339166424
-1183337251
1016.409424
26.479166
24963
339166590
-1183337104
 339166444
-1183337239
1016.409424
26.479166
24963
339166590
-1183337104
 339166480
-1183337181
1016.409424
26.479166
24963
339166590
-1183337104
 339166480
-1183337165
1016.409424
26.479166
24963
339166590
-1183337104
 339166510
-1183337165
1016.409424
26.479166
24963
339166590
-1183337104
 339166554
-1183337166
1016.409424
26.479166
24963
339166590
-1183337104
 339166554
-1183337163
1016.409424
26.479166
24963
339166590
-1183337104
 339166578
-1183337163
1016.409424
26.479166
24963
339166590
-1183337104
 339166627
-1183337133
1016.409424
26.479166
24963
339166590
-1183337104
 339166627
-1183337146
1016.409424
26.479166
24963
339166590
-1183337104
 339166621
-1183337146
1016.409424
26.479166
24963
339166590
-1183337104
 339166612
-1183337169
1016.409424
26.479166
24963
339166590
-1183337104
 339166612
-1183337157
1016.409424
26.479166
24963
339166590
-1183337104
 339166610
-1183337157
1016.409424
26.479166
24963
339166590
-1183337104
 339166605
-1183337178
1016.409424
26.479166
24963
339166590
-1183337104
 339166605
-1183337169
1016.409424
26.479166
24963
339166590
-1183337104
 339166605
-1183337169
1016.409424
26.479166
24963
339166590
-1183337104
 339166605
-1183337190
1016.409424
26.479166
24963
339166590
-1183337104
 339166605
-1183337174
1016.409424
26.479166
24963
339166590
-1183337104
 339166621
-1183337174
1016.409424
26.479166
24963
339166590
-1183337104
 339166634
-1183337162
1016.409424
26.479166
24963
339166590
-1183337104
 339166636
-1183337170
1016.409424
26.479166
24963
339166590
-1183337104
 339166636
-1183337183
1016.409424
26.479166
24963
339166590
-1183337104
 339166628
-1183337183
1016.409424
26.479166
24963
339166590
-1183337104
 339166638
-1183337166
1016.409424
26.479166
24963
339166590
-1183337104
 339166638
-1183337144
1016.409424
26.479166
24963
339166590
-1183337104
 339166652
-1183337144
1016.409424
26.479166
24963
339166590
-1183337104
 339166652
-1183337154
1016.409424
26.479166
24963
339166590
-1183337104
 339166652
-1183337138
1016.409424
26.479166
24963
339166590
-1183337104
 339166665
-1183337138
1016.409424
26.479166
24963
339166590
-1183337104
 339166663
-1183337154
1016.409424
26.479166
24963
339166590
-1183337104
 339166663
-1183337151
1016.409424
26.479166
24963
339166590
-1183337104
 339166667
-1183337151
1016.409424
26.479166
24963
339166590
-1183337104
 339166659
-1183337180
1016.409424
26.479166
24963
339166590
-1183337104
 339166659
-1183337138
1016.409424
26.479166
24963
339166590
-1183337104
 339166666
-1183337138
1016.409424
26.479166
24963
339166590
-1183337104
 339166670
-1183337098
1016.409424
26.479166
24963
339166590
-1183337104
 339166665
-1183337091
1016.409424
26.479166
24963
339166590
-1183337104
 339166665
-1183337064
1016.409424
26.479166
24963
339166590
-1183337104
 339166669
-1183337064
1016.409424
26.479166
24963
339166590
-1183337104
 339166650
-1183337069
1016.409424
26.479166
24963
339166590
-1183337104
 339166629
-1183337077
1016.409424
26.479166
24963
339166590
-1183337104
 339166629
-1183337083
1016.409424
26.479166
24963
339166590
-1183337104
 339166617
-1183337083
1016.409424
26.479166
24963
339166590
-1183337104
 339166590
-1183337133
1016.409424
26.479166
24963
339166590
-1183337104
 