339166145
-1183336426
1016.409424
26.479166
24963
339166590
-1183337104
 339166158
-1183336426
1016.409424
26.479166
24963
339166590
-1183337104
 339166190
-1183336417
1016.409424
26.479166
24963
339166590
-1183337104
 339166190
-1183336411
1016.409424
26.479166
24963
339166590
-1183337104
 339166190
-1183336411
1016.409424
26.479166
24963
339166590
-1183337104
 339166205
-1183336416
1016.409424
26.479166
24963
339166590
-1183337104
 339166219
-1183336407
1016.409424
26.479166
24963
339166590
-1183337104
 339166219
-1183336402
1016.409424
26.479166
24963
339166590
-1183337104
 339166241
-1183336402
1016.409424
26.479166
24963
339166590
-1183337104
 339166255
-1183336391
1016.409424
26.479166
24963
339166590
-1183337104
 339166275
-1183336398
1016.409424
26.479166
24963
339166590
-1183337104
 339166275
-1183336413
1016.409424
26.479166
24963
339166590
-1183337104
 339166291
-1183336413
1016.409424
26.479166
24963
339166590
-1183337104
 339166313
-1183336446
1016.409424
26.479166
24963
339166590
-1183337104
 339166313
-1183336456
1016.409424
26.479166
24963
339166590
-1183337104
 339166310
-1183336456
1016.409424
26.479166
24963
339166590
-1183337104
 339166317
-1183336474
1016.409424
26.479166
24963
339166590
-1183337104
 339166317
-1183336501
1016.409424
26.479166
24963
339166590
-1183337104
 339166324
-1183336501
1016.409424
26.479166
24963
339166590
-1183337104
 339166331
-1183336538
1016.409424
26.479166
24963
339166590
-1183337104
 339166331
-1183336549
1016.409424
26.479166
24963
339166590
-1183337104
 339166338
-1183336549
1016.409424
26.479166
24963
339166590
-1183337104
 339166340
-1183336554
1016.409424
26.479166
24963
339166590
-1183337104
 339166336
-1183336551
1016.409424
26.479166
24963
339166590
-1183337104
 339166336
-1183336547
1016.409424
26.479166
24963
339166590
-1183337104
 339166341
-1183336547
1016.409424
26.479166
24963
339166590
-1183337104
 339166334
-1183336546
1016.409424
26.479166
24963
339166590
-1183337104
 339166351
-1183336546
1016.409424
26.479166
24963
339166590
-1183337104
 339166351
-1183336567
1016.409424
26.479166
24963
339166590
-1183337104
 339166367
-1183336567
1016.409424
26.479166
24963
339166590
-1183337104
 339166367
-1183336572
1016.409424
26.479166
24963
339166590
-1183337104
 339166367
-1183336560
1016.409424
26.479166
24963
339166590
-1183337104
 339166367
-1183336547
1016.409424
26.479166
24963
339166590
-1183337104
 339166359
-1183336547
1016.409424
26.479166
24963
339166590
-1183337104
 339166411
-1183336571
1016.409424
26.479166
24963
339166590
-1183337104
 339166436
-1183336584
1016.409424
26.479166
24963
339166590
-1183337104
 339166436
-1183336606
1016.409424
26.479166
24963
339166590
-1183337104
 339166462
-1183336606
1016.409424
26.479166
24963
339166590
-1183337104
 339166517
-1183336630
1016.409424
26.479166
24963
339166590
-1183337104
 339166517
-1183336653
1016.409424
26.479166
24963
339166590
-1183337104
 339166544
-1183336653
1016.409424
26.479166
24963
339166590
-1183337104
 339166570
-1183336684
1016.409424
26.479166
24963
339166590
-1183337104
 339166570
-1183336693
1016.409424
26.479166
24963
339166590
-1183337104
 339166586
-1183336693
1016.409424
26.479166
24963
339166590
-1183337104
 339166585
-1183336692
1016.409424
26.479166
24963
339166590
-1183337104
 339166585
-1183336686
1016.409424
26.479166
24963
339166590
-1183337104
 339166585
-1183336710
1016.409424
26.479166
24963
339166590
-1183337104
 339166636
-1183336710
1016.409424
26.479166
24963
339166590
-1183337104
 339166658
-1183336722
1016.409424
26.479166
24963
339166590
-1183337104
 339166671
-1183336718
1016.409424
26.479166
24963
339166590
-1183337104
 339166671
-1183336718
1016.409424
26.479166
24963
339166590
-1183337104
 339166679
-1183336718
1016.409424
26.479166
24963
339166590
-1183337104
 339166655
-1183336700
1016.409424
26.479166
24963
339166590
-1183337104
 339166653
-1183336690
1016.409424
26.479166
24963
339166590
-1183337104
 339166653
-1183336664
1016.409424
26.479166
24963
339166590
-1183337104
 339166635
-1183336664
1016.409424
26.479166
24963
339166590
-1183337104
 339166611
-1183336635
1016.409424
26.479166
24963
339166590
-1183337104
 339166593
-1183336615
1016.409424
26.479166
24963
339166590
-1183337104
 339166593
-1183336592
1016.409424
26.479166
24963
339166590
-1183337104
 339166567
-1183336592
1016.409424
26.479166
24963
339166590
-1183337104
 339166546
-1183336578
1016.409424
26.479166
24963
339166590
-1183337104
 339166530
-1183336573
1016.409424
26.479166
24963
339166590
-1183337104
 339166530
-1183336560
1016.409424
26.479166
24963
339166590
-1183337104
 339166515
-1183336560
1016.409424
26.479166
24963
339166590
-1183337104
 339166488
-1183336528
1016.409424
26.479166
24963
339166590
-1183337104
 339166488
-1183336522
1016.409424
26.479166
24963
339166590
-1183337104
 339166480
-1183336522
1016.409424
26.479166
24963
339166590
-1183337104
 339166473
-1183336515
1016.409424
26.479166
24963
339166590
-1183337104
 339166461
-1183336511
1016.409424
26.479166
24963
339166590
-1183337104
 339166461
-1183336513
1016.409424
26.479166
24963
339166590
-1183337104
 339166449
-1183336513
1016.409424
26.479166
24963
339166590
-1183337104
 339166435
-1183336499
1016.409424
26.479166
24963
339166590
-1183337104
 339166435
-1183336490
1016.409424
26.479166
24963
339166590
-1183337104
 339166427
-1183336490
1016.409424
26.479166
24963
339166590
-1183337104
 339166422
-1183336480
1016.409424
26.479166
24963
339166590
-1183337104
 339166422
-1183336499
1016.409424
26.479166
24963
339166590
-1183337104
 339166465
-1183336499
1016.409424
26.479166
24963
339166590
-1183337104
 339166462
-1183336490
1016.409424
26.479166
24963
339166590
-1183337104
 339166471
-1183336491
1016.409424
26.479166
24963
339166590
-1183337104
 339166471
-1183336497
1016.409424
26.479166
24963
339166590
-1183337104
 339166492
-1183336497
1016.409424
26.479166
24963
339166590
-1183337104
 339166513
-1183336500
1016.409424
26.479166
24963
339166590
-1183337104
 339166513
-1183336508
1016.409424
26.479166
24963
339166590
-1183337104
 