339166588
-1183337502
1016.409424
26.479166
24963
339166590
-1183337104
 339166634
-1183337502
1016.409424
26.479166
24963
339166590
-1183337104
 339166624
-1183337544
1016.409424
26.479166
24963
339166590
-1183337104
 339166624
-1183337545
1016.409424
26.479166
24963
339166590
-1183337104
 339166630
-1183337545
1016.409424
26.479166
24963
339166590
-1183337104
 339166610
-1183337621
1016.409424
26.479166
24963
339166590
-1183337104
 339166610
-1183337646
1016.409424
26.479166
24963
339166590
-1183337104
 339166631
-1183337646
1016.409424
26.479166
24963
339166590
-1183337104
 339166632
-1183337672
1016.409424
26.479166
24963
339166590
-1183337104
 339166615
-1183337692
1016.409424
26.479166
24963
339166590
-1183337104
 339166615
-1183337740
1016.409424
26.479166
24963
339166590
-1183337104
 339166566
-1183337740
1016.409424
26.479166
24963
339166590
-1183337104
 339166508
-1183337810
1016.409424
26.479166
24963
339166590
-1183337104
 339166508
-1183337796
1016.409424
26.479166
24963
339166590
-1183337104
 339166546
-1183337796
1016.409424
26.479166
24963
339166590
-1183337104
 339166544
-1183337517
1016.409424
26.479166
24963
339166590
-1183337104
 339166544
-1183337385
1016.409424
26.479166
24963
339166590
-1183337104
 339166569
-1183337385
1016.409424
26.479166
24963
339166590
-1183337104
 339166676
-1183337088
1016.409424
26.479166
24963
339166590
-1183337104
 339166676
-1183336962
1016.409424
26.479166
24963
339166590
-1183337104
 339166700
-1183336962
1016.409424
26.479166
24963
339166590
-1183337104
 339166688
-1183336896
1016.409424
26.479166
24963
339166590
-1183337104
 339166688
-1183336864
1016.409424
26.479166
24963
339166590
-1183337104
 339166686
-1183336864
1016.409424
26.479166
24963
339166590
-1183337104
 339166586
-1183336960
1016.409424
26.479166
24963
339166590
-1183337104
 339166586
-1183336980
1016.409424
26.479166
24963
339166590
-1183337104
 339166549
-1183336980
1016.409424
26.479166
24963
339166590
-1183337104
 339166536
-1183337064
1016.409424
26.479166
24963
339166590
-1183337104
 339166536
-1183337044
1016.409424
26.479166
24963
339166590
-1183337104
 339166547
-1183337044
1016.409424
26.479166
24963
339166590
-1183337104
 339166568
-1183337016
1016.409424
26.479166
24963
339166590
-1183337104
 339166568
-1183336974
1016.409424
26.479166
24963
339166590
-1183337104
 339166609
-1183336974
1016.409424
26.479166
24963
339166590
-1183337104
 339166602
-1183336962
1016.409424
26.479166
24963
339166590
-1183337104
 339166620
-1183336951
1016.409424
26.479166
24963
339166590
-1183337104
 339166620
-1183336938
1016.409424
26.479166
24963
339166590
-1183337104
 339166605
-1183336938
1016.409424
26.479166
24963
339166590
-1183337104
 339166598
-1183336932
1016.409424
26.479166
24963
339166590
-1183337104
 339166598
-1183336928
1016.409424
26.479166
24963
339166590
-1183337104
 339166592
-1183336928
1016.409424
26.479166
24963
339166590
-1183337104
 339166589
-1183336893
1016.409424
26.479166
24963
339166590
-1183337104
 339166589
-1183336874
1016.409424
26.479166
24963
339166590
-1183337104
 339166580
-1183336874
1016.409424
26.479166
24963
339166590
-1183337104
 339166560
-1183336898
1016.409424
26.479166
24963
339166590
-1183337104
 339166560
-1183336891
1016.409424
26.479166
24963
339166590
-1183337104
 339166539
-1183336891
1016.409424
26.479166
24963
339166590
-1183337104
 339166544
-1183336879
1016.409424
26.479166
24963
339166590
-1183337104
 339166550
-1183336882
1016.409424
26.479166
24963
339166590
-1183337104
 339166550
-1183336872
1016.409424
26.479166
24963
339166590
-1183337104
 339166547
-1183336872
1016.409424
26.479166
24963
339166590
-1183337104
 339166579
-1183336867
1016.409424
26.479166
24963
339166590
-1183337104
 339166579
-1183336869
1016.409424
26.479166
24963
339166590
-1183337104
 339166570
-1183336869
1016.409424
26.479166
24963
339166590
-1183337104
 339166612
-1183336856
1016.409424
26.479166
24963
339166590
-1183337104
 339166612
-1183336823
1016.409424
26.479166
24963
339166590
-1183337104
 339166619
-1183336823
1016.409424
26.479166
24963
339166590
-1183337104
 339166659
-1183336795
1016.409424
26.479166
24963
339166590
-1183337104
 339166659
-1183336788
1016.409424
26.479166
24963
339166590
-1183337104
 339166661
-1183336788
1016.409424
26.479166
24963
339166590
-1183337104
 339166657
-1183336796
1016.409424
26.479166
24963
339166590
-1183337104
 339166657
-1183336793
1016.409424
26.479166
24963
339166590
-1183337104
 339166664
-1183336793
1016.409424
26.479166
24963
339166590
-1183337104
 339166665
-1183336822
1016.409424
26.479166
24963
339166590
-1183337104
 339166665
-1183336822
1016.409424
26.479166
24963
339166590
-1183337104
 339166658
-1183336822
1016.409424
26.479166
24963
339166590
-1183337104
 339166670
-1183336811
1016.409424
26.479166
24963
339166590
-1183337104
 339166670
-1183336820
1016.409424
26.479166
24963
339166590
-1183337104
 339166681
-1183336820
1016.409424
26.479166
24963
339166590
-1183337104
 339166688
-1183336823
1016.409424
26.479166
24963
339166590
-1183337104
 339166698
-1183336832
1016.409424
26.479166
24963
339166590
-1183337104
 339166698
-1183336822
1016.409424
26.479166
24963
339166590
-1183337104
 339166715
-1183336822
1016.409424
26.479166
24963
339166590
-1183337104
 339166721
-1183336850
1016.409424
26.479166
24963
339166590
-1183337104
 339166721
-1183336842
1016.409424
26.479166
24963
339166590
-1183337104
 339166725
-1183336842
1016.409424
26.479166
24963
339166590
-1183337104
 339166711
-1183336852
1016.409424
26.479166
24963
339166590
-1183337104
 339166711
-1183336874
1016.409424
26.479166
24963
339166590
-1183337104
 339166694
-1183336874
1016.409424
26.479166
24963
339166590
-1183337104
 339166692
-1183336867
1016.409424
26.479166
24963
339166590
-1183337104
 339166692
-1183336870
1016.409424
26.479166
24963
339166590
-1183337104
 339166690
-1183336870
1016.409424
26.479166
24963
339166590
-1183337104
 339166700
-1183336868
1016.409424
26.479166
24963
339166590
-1183337104
 339166694
-1183336841
1016.409424
26.479166
24963
339166590
-1183337104
 339166694
-1183336810
1016.409424
26.479166
24963
339166590
-1183337104
 339166713
-1183336810
1016.409424
26.479166
24963
339166590
-1183337104
 339166712
-1183336818
1016.409424
26.479166
24963
339166590
-1183337104
 339166712
-1183336837
1016.409424
26.479166
24963
339166590
-1183337104
 339166715
-1183336837
1016.409424
26.479166
24963
339166590
-1183337104
 339166736
-1183336790
1016.409424
26.479166
24963
339166590
-1183337104
 339166736
-1183336767
1016.409424
26.479166
24963
339166590
-1183337104
 339166748
-1183336767
1016.409424
26.479166
24963
339166590
-1183337104
 339166759
-1183336744
1016.409424
26.479166
24963
339166590
-1183337104
 339166769
-1183336729
1016.409424
26.479166
24963
339166590
-1183337104
 339166769
-1183336689
1016.409424
26.479166
24963
339166590
-1183337104
 339166786
-1183336689
1016.409424
26.479166
24963
339166590
-1183337104
 339166796
-1183336675
1016.409424
26.479166
24963
339166590
-1183337104
 339166796
-1183336694
1016.409424
26.479166
24963
339166590
-1183337104
 339166787
-1183336694
1016.409424
26.479166
24963
339166590
-1183337104
 339166790
-1183336726
1016.409424
26.479166
24963
339166590
-1183337104
 339166790
-1183336736
1016.409424
26.479166
24963
339166590
-1183337104
 339166788
-1183336736
1016.409424
26.479166
24963
339166590
-1183337104
 339166805
-1183336774
1016.409424
26.479166
24963
339166590
-1183337104
 