339166706
-1183337316
1016.409424
26.479166
24963
339166590
-1183337104
 339166701
-1183337321
1016.409424
26.479166
24963
339166590
-1183337104
 339166700
-1183337326
1016.409424
26.479166
24963
339166590
-1183337104
 339166700
-1183337312
1016.409424
26.479166
24963
339166590
-1183337104
 339166693
-1183337312
1016.409424
26.479166
24963
339166590
-1183337104
 339166683
-1183337284
1016.409424
26.479166
24963
339166590
-1183337104
 339166683
-1183337278
1016.409424
26.479166
24963
339166590
-1183337104
 339166665
-1183337278
1016.409424
26.479166
24963
339166590
-1183337104
 339166659
-1183337270
1016.409424
26.479166
24963
339166590
-1183337104
 339166659
-1183337273
1016.409424
26.479166
24963
339166590
-1183337104
 339166649
-1183337273
1016.409424
26.479166
24963
339166590
-1183337104
 339166635
-1183337284
1016.409424
26.479166
24963
339166590
-1183337104
 339166635
-1183337265
1016.409424
26.479166
24963
339166590
-1183337104
 339166612
-1183337265
1016.409424
26.479166
24963
339166590
-1183337104
 339166593
-1183337252
1016.409424
26.479166
24963
339166590
-1183337104
 339166583
-1183337227
1016.409424
26.479166
24963
339166590
-1183337104
 339166583
-1183337227
1016.409424
26.479166
24963
339166590
-1183337104
 339166568
-1183337227
1016.409424
26.479166
24963
339166590
-1183337104
 339166552
-1183337195
1016.409424
26.479166
24963
339166590
-1183337104
 339166552
-1183337176
1016.409424
26.479166
24963
339166590
-1183337104
 339166546
-1183337176
1016.409424
26.479166
24963
339166590
-1183337104
 339166532
-1183337201
1016.409424
26.479166
24963
339166590
-1183337104
 339166524
-1183337173
1016.409424
26.479166
24963
339166590
-1183337104
 339166524
-1183337143
1016.409424
26.479166
24963
339166590
-1183337104
 339166532
-1183337143
1016.409424
26.479166
24963
339166590
-1183337104
 339166528
-1183337110
1016.409424
26.479166
24963
339166590
-1183337104
 339166528
-1183337121
1016.409424
26.479166
24963
339166590
-1183337104
 339166537
-1183337121
1016.409424
26.479166
24963
339166590
-1183337104
 339166543
-1183337178
1016.409424
26.479166
24963
339166590
-1183337104
 339166543
-1183337155
1016.409424
26.479166
24963
339166590
-1183337104
 339166554
-1183337155
1016.409424
26.479166
24963
339166590
-1183337104
 339166585
-1183337124
1016.409424
26.479166
24963
339166590
-1183337104
 339166585
-1183337132
1016.409424
26.479166
24963
339166590
-1183337104
 339166599
-1183337132
1016.409424
26.479166
24963
339166590
-1183337104
 339166607
-1183337165
1016.409424
26.479166
24963
339166590
-1183337104
 339166607
-1183337175
1016.409424
26.479166
24963
339166590
-1183337104
 339166618
-1183337175
1016.409424
26.479166
24963
339166590
-1183337104
 339166632
-1183337183
1016.409424
26.479166
24963
339166590
-1183337104
 339166644
-1183337183
1016.409424
26.479166
24963
339166590
-1183337104
 339166644
-1183337191
1016.409424
26.479166
24963
339166590
-1183337104
 339166649
-1183337191
1016.409424
26.479166
24963
339166590
-1183337104
 339166662
-1183337171
1016.409424
26.479166
24963
339166590
-1183337104
 339166662
-1183337157
1016.409424
26.479166
24963
339166590
-1183337104
 339166674
-1183337157
1016.409424
26.479166
24963
339166590
-1183337104
 339166673
-1183337135
1016.409424
26.479166
24963
339166590
-1183337104
 339166673
-1183337129
1016.409424
26.479166
24963
339166590
-1183337104
 339166674
-1183337129
1016.409424
26.479166
24963
339166590
-1183337104
 339166679
-1183337125
1016.409424
26.479166
24963
339166590
-1183337104
 339166673
-1183337147
1016.409424
26.479166
24963
339166590
-1183337104
 339166673
-1183337136
1016.409424
26.479166
24963
339166590
-1183337104
 339166664
-1183337136
1016.409424
26.479166
24963
339166590
-1183337104
 339166657
-1183337114
1016.409424
26.479166
24963
339166590
-1183337104
 339166657
-1183337120
1016.409424
26.479166
24963
339166590
-1183337104
 339166660
-1183337120
1016.409424
26.479166
24963
339166590
-1183337104
 339166654
-1183337168
1016.409424
26.479166
24963
339166590
-1183337104
 339166654
-1183337173
1016.409424
26.479166
24963
339166590
-1183337104
 339166658
-1183337173
1016.409424
26.479166
24963
339166590
-1183337104
 339166638
-1183337191
1016.409424
26.479166
24963
339166590
-1183337104
 339166638
-1183337219
1016.409424
26.479166
24963
339166590
-1183337104
 339166635
-1183337219
1016.409424
26.479166
24963
339166590
-1183337104
 339166631
-1183337232
1016.409424
26.479166
24963
339166590
-1183337104
 339166620
-1183337270
1016.409424
26.479166
24963
339166590
-1183337104
 339166620
-1183337283
1016.409424
26.479166
24963
339166590
-1183337104
 339166624
-1183337283
1016.409424
26.479166
24963
339166590
-1183337104
 339166623
-1183337292
1016.409424
26.479166
24963
339166590
-1183337104
 339166623
-1183337304
1016.409424
26.479166
24963
339166590
-1183337104
 339166629
-1183337304
1016.409424
26.479166
24963
339166590
-1183337104
 339166642
-1183337308
1016.409424
26.479166
24963
339166590
-1183337104
 339166642
-1183337296
1016.409424
26.479166
24963
339166590
-1183337104
 339166642
-1183337296
1016.409424
26.479166
24963
339166590
-1183337104
 339166650
-1183337302
1016.409424
26.479166
24963
339166590
-1183337104
 339166656
-1183337324
1016.409424
26.479166
24963
339166590
-1183337104
 339166656
-1183337339
1016.409424
26.479166
24963
339166590
-1183337104
 339166661
-1183337339
1016.409424
26.479166
24963
339166590
-1183337104
 339166668
-1183337352
1016.409424
26.479166
24963
339166590
-1183337104
 339166668
-1183337322
1016.409424
26.479166
24963
339166590
-1183337104
 339166663
-1183337322
1016.409424
26.479166
24963
339166590
-1183337104
 339166697
-1183337337
1016.409424
26.479166
24963
339166590
-1183337104
 339166697
-1183337350
1016.409424
26.479166
24963
339166590
-1183337104
 339166721
-1183337350
1016.409424
26.479166
24963
339166590
-1183337104
 339166730
-1183337353
1016.409424
26.479166
24963
339166590
-1183337104
 339166739
-1183337345
1016.409424
26.479166
24963
339166590
-1183337104
 339166739
-1183337329
1016.409424
26.479166
24963
339166590
-1183337104
 339166746
-1183337329
1016.409424
26.479166
24963
339166590
-1183337104
 339166732
-1183337304
1016.409424
26.479166
24963
339166590
-1183337104
 339166732
-1183337282
1016.409424
26.479166
24963
339166590
-1183337104
 339166729
-1183337282
1016.409424
26.479166
24963
339166590
-1183337104
 339166729
-1183337217
1016.409424
26.479166
24963
339166590
-1183337104
 339166729
-1183337217
1016.409424
26.479166
24963
339166590
-1183337104
 339166732
-1183337217
1016.409424
26.479166
24963
339166590
-1183337104
 339166754
-1183337164
1016.409424
26.479166
24963
339166590
-1183337104
 339166754
-1183337196
1016.409424
26.479166
24963
339166590
-1183337104
 339166745
-1183337196
1016.409424
26.479166
24963
339166590
-1183337104
 339166735
-1183337257
1016.409424
26.479166
24963
339166590
-1183337104
 339166735
-1183337222
1016.409424
26.479166
24963
339166590
-1183337104
 339166738
-1183337222
1016.409424
26.479166
24963
339166590
-1183337104
 339166747
-1183337209
1016.409424
26.479166
24963
339166590
-1183337104
 339166747
-1183337235
1016.409424
26.479166
24963
339166590
-1183337104
 339166748
-1183337235
1016.409424
26.479166
24963
339166590
-1183337104
 339166752
-1183337248
1016.409424
26.479166
24963
339166590
-1183337104
 339166754
-1183337257
1016.409424
26.479166
24963
339166590
-1183337104
 339166754
-1183337254
1016.409424
26.479166
24963
339166590
-1183337104
 339166754
-1183337254
1016.409424
26.479166
24963
339166590
-1183337104
 339166755
-1183337236
1016.409424
26.479166
24963
339166590
-1183337104
 339166755
-1183337222
1016.409424
26.479166
24963
339166590
-1183337104
 339166759
-1183337222
1016.409424
26.479166
24963
339166590
-1183337104
 339166764
-1183337176
1016.409424
26.479166
24963
339166590
-1183337104
 339166764
-1183337169
1016.409424
26.479166
24963
339166590
-1183337104
 339166763
-1183337169
1016.409424
26.479166
24963
339166590
-1183337104
 339166760
-1183337131
1016.409424
26.479166
24963
339166590
-1183337104
 339166767
-1183337163
1016.409424
26.479166
24963
339166590
-1183337104
 339166767
-1183337128
1016.409424
26.479166
24963
339166590
-1183337104
 339166776
-1183337128
1016.409424
26.479166
24963
339166590
-1183337104
 339166782
-1183337093
1016.409424
26.479166
24963
339166590
-1183337104
 339166782
-1183337052
1016.409424
26.479166
24963
339166590
-1183337104
 339166793
-1183337052
1016.409424
26.479166
24963
339166590
-1183337104
 339166806
-1183337029
1016.409424
26.479166
24963
339166590
-1183337104
 339166817
-1183336980
1016.409424
26.479166
24963
339166590
-1183337104
 339166817
-1183336939
1016.409424
26.479166
24963
339166590
-1183337104
 339166824
-1183336939
1016.409424
26.479166
24963
339166590
-1183337104
 339166827
-1183336897
1016.409424
26.479166
24963
339166590
-1183337104
 339166833
-1183336846
1016.409424
26.479166
24963
339166590
-1183337104
 339166833
-1183336815
1016.409424
26.479166
24963
339166590
-1183337104
 339166837
-1183336815
1016.409424
26.479166
24963
339166590
-1183337104
 339166844
-1183336792
1016.409424
26.479166
24963
339166590
-1183337104
 339166845
-1183336753
1016.409424
26.479166
24963
339166590
-1183337104
 339166845
-1183336696
1016.409424
26.479166
24963
339166590
-1183337104
 339166848
-1183336696
1016.409424
26.479166
24963
339166590
-1183337104
 339166853
-1183336650
1016.409424
26.479166
24963
339166590
-1183337104
 339166853
-1183336666
1016.409424
26.479166
24963
339166590
-1183337104
 339166850
-1183336666
1016.409424
26.479166
24963
339166590
-1183337104
 339166851
-1183336653
1016.409424
26.479166
24963
339166590
-1183337104
 339166858
-1183336633
1016.409424
26.479166
24963
339166590
-1183337104
 339166858
-1183336614
1016.409424
26.479166
24963
339166590
-1183337104
 339166862
-1183336614
1016.409424
26.479166
24963
339166590
-1183337104
 339166856
-1183336577
1016.409424
26.479166
24963
339166590
-1183337104
 339166856
-1183336541
1016.409424
26.479166
24963
339166590
-1183337104
 339166853
-1183336541
1016.409424
26.479166
24963
339166590
-1183337104
 339166867
-1183336503
1016.409424
26.479166
24963
339166590
-1183337104
 339166867
-1183336508
1016.409424
26.479166
24963
339166590
-1183337104
 339166864
-1183336508
1016.409424
26.479166
24963
339166590
-1183337104
 339166865
-1183336515
1016.409424
26.479166
24963
339166590
-1183337104
 339166863
-1183336502
1016.409424
26.479166
24963
339166590
-1183337104
 339166863
-1183336485
1016.409424
26.479166
24963
339166590
-1183337104
 339166859
-1183336485
1016.409424
26.479166
24963
339166590
-1183337104
 339166836
-1183336394
1016.409424
26.479166
24963
339166590
-1183337104
 339166836
-1183336391
1016.409424
26.479166
24963
339166590
-1183337104
 339166834
-1183336391
1016.409424
26.479166
24963
339166590
-1183337104
 339166837
-1183336378
1016.409424
26.479166
24963
339166590
-1183337104
 339166837
-1183336325
1016.409424
26.479166
24963
339166590
-1183337104
 339166837
-1183336272
1016.409424
26.479166
24963
339166590
-1183337104
 339166824
-1183336272
1016.409424
26.479166
24963
339166590
-1183337104
 339166815
-1183336219
1016.409424
26.479166
24963
339166590
-1183337104
 339166802
-1183336204
1016.409424
26.479166
24963
339166590
-1183337104
 339166802
-1183336210
1016.409424
26.479166
24963
339166590
-1183337104
 339166795
-1183336210
1016.409424
26.479166
24963
339166590
-1183337104
 339166796
-1183336198
1016.409424
26.479166
24963
339166590
-1183337104
 339166789
-1183336164
1016.409424
26.479166
24963
339166590
-1183337104
 339166789
-1183336128
1016.409424
26.479166
24963
339166590
-1183337104
 339166781
-1183336128
1016.409424
26.479166
24963
339166590
-1183337104
 339166781
-1183336048
1016.409424
26.479166
24963
339166590
-1183337104
 339166738
-1183336048
1016.409424
26.479166
24963
339166590
-1183337104
 339166728
-1183335970
1016.409424
26.479166
24963
339166590
-1183337104
 339166719
-1183335964
1016.409424
26.479166
24963
339166590
-1183337104
 339166719
-1183335936
1016.409424
26.479166
24963
339166590
-1183337104
 339166701
-1183335936
1016.409424
26.479166
24963
339166590
-1183337104
 339166702
-1183335889
1016.409424
26.479166
24963
339166590
-1183337104
 339166704
-1183335797
1016.409424
26.479166
24963
339166590
-1183337104
 339166704
-1183335727
1016.409424
26.479166
24963
339166590
-1183337104
 339166711
-1183335727
1016.409424
26.479166
24963
339166590
-1183337104
 339166726
-1183335709
1016.409424
26.479166
24963
339166590
-1183337104
 339166733
-1183335713
1016.409424
26.479166
24963
339166590
-1183337104
 339166733
-1183335685
1016.409424
26.479166
24963
339166590
-1183337104
 339166741
-1183335685
1016.409424
26.479166
24963
339166590
-1183337104
 339166779
-1183335594
1016.409424
26.479166
24963
339166590
-1183337104
 339166779
-1183335609
1016.409424
26.479166
24963
339166590
-1183337104
 339166771
-1183335609
1016.409424
26.479166
24963
339166590
-1183337104
 339166755
-1183335638
1016.409424
26.479166
24963
339166590
-1183337104
 339166767
-1183335616
1016.409424
26.479166
24963
339166590
-1183337104
 339166767
-1183335632
1016.409424
26.479166
24963
339166590
-1183337104
 339166755
-1183335632
1016.409424
26.479166
24963
339166590
-1183337104
 339166751
-1183335645
1016.409424
26.479166
24963
339166590
-1183337104
 339166764
-1183335668
1016.409424
26.479166
24963
339166590
-1183337104
 339166764
-1183335694
1016.409424
26.479166
24963
339166590
-1183337104
 339166779
-1183335694
1016.409424
26.479166
24963
339166590
-1183337104
 339166779
-1183335800
1016.409424
26.479166
24963
339166590
-1183337104
 339166795
-1183335800
1016.409424
26.479166
24963
339166590
-1183337104
 339166795
-1183335891
1016.409424
26.479166
24963
339166590
-1183337104
 339166843
-1183335891
1016.409424
26.479166
24963
339166590
-1183337104
 339166843
-1183335985
1016.409424
26.479166
24963
339166590
-1183337104
 339166846
-1183335985
1016.409424
26.479166
24963
339166590
-1183337104
 339166846
-1183336083
1016.409424
26.479166
24963
339166590
-1183337104
 339166823
-1183336083
1016.409424
26.479166
24963
339166590
-1183337104
 339166828
-1183336122
1016.409424
26.479166
24963
339166590
-1183337104
 339166828
-1183336122
1016.409424
26.479166
24963
339166590
-1183337104
 339166828
-1183336122
1016.409424
26.479166
24963
339166590
-1183337104
 339166828
-1183336122
1016.409424
26.479166
24963
339166590
-1183337104
 339166828
-1183336324
1016.409424
26.479166
24963
339166590
-1183337104
 339166787
-1183336324
1016.409424
26.479166
24963
339166590
-1183337104
 339166780
-1183336338
1016.409424
26.479166
24963
339166590
-1183337104
 339166745
-1183336375
1016.409424
26.479166
24963
339166590
-1183337104
 339166733
-1183336388
1016.409424
26.479166
24963
339166590
-1183337104
 339166733
-1183336401
1016.409424
26.479166
24963
339166590
-1183337104
 339166712
-1183336401
1016.409424
26.479166
24963
339166590
-1183337104
 339166704
-1183336447
1016.409424
26.479166
24963
339166590
-1183337104
 339166704
-1183336463
1016.409424
26.479166
24963
339166590
-1183337104
 339166692
-1183336463
1016.409424
26.479166
24963
339166590
-1183337104
 339166651
-1183336502
1016.409424
26.479166
24963
339166590
-1183337104
 339166651
-1183336517
1016.409424
26.479166
24963
339166590
-1183337104
 339166650
-1183336517
1016.409424
26.479166
24963
339166590
-1183337104
 339166660
-1183336532
1016.409424
26.479166
24963
339166590
-1183337104
 339166660
-1183336549
1016.409424
26.479166
24963
339166590
-1183337104
 339166666
-1183336549
1016.409424
26.479166
24963
339166590
-1183337104
 339166636
-1183336543
1016.409424
26.479166
24963
339166590
-1183337104
 339166636
-1183336527
1016.409424
26.479166
24963
339166590
-1183337104
 339166627
-1183336527
1016.409424
26.479166
24963
339166590
-1183337104
 339166628
-1183336527
1016.409424
26.479166
24963
339166590
-1183337104
 339166620
-1183336521
1016.409424
26.479166
24963
339166590
-1183337104
 339166620
-1183336517
1016.409424
26.479166
24963
339166590
-1183337104
 339166615
-1183336517
1016.409424
26.479166
24963
339166590
-1183337104
 339166627
-1183336509
1016.409424
26.479166
24963
339166590
-1183337104
 339166627
-1183336507
1016.409424
26.479166
24963
339166590
-1183337104
 339166620
-1183336507
1016.409424
26.479166
24963
339166590
-1183337104
 339166621
-1183336492
1016.409424
26.479166
24963
339166590
-1183337104
 339166621
-1183336496
1016.409424
26.479166
24963
339166590
-1183337104
 339166615
-1183336496
1016.409424
26.479166
24963
339166590
-1183337104
 339166612
-1183336518
1016.409424
26.479166
24963
339166590
-1183337104
 339166612
-1183336528
1016.409424
26.479166
24963
339166590
-1183337104
 339166603
-1183336528
1016.409424
26.479166
24963
339166590
-1183337104
 339166580
-1183336541
1016.409424
26.479166
24963
339166590
-1183337104
 339166580
-1183336546
1016.409424
26.479166
24963
339166590
-1183337104
 339166577
-1183336546
1016.409424
26.479166
24963
339166590
-1183337104
 339166566
-1183336544
1016.409424
26.479166
24963
339166590
-1183337104
 339166566
-1183336542
1016.409424
26.479166
24963
339166590
-1183337104
 339166554
-1183336542
1016.409424
26.479166
24963
339166590
-1183337104
 339166543
-1183336549
1016.409424
26.479166
24963
339166590
-1183337104
 339166525
-1183336549
1016.409424
26.479166
24963
339166590
-1183337104
 339166525
-1183336547
1016.409424
26.479166
24963
339166590
-1183337104
 339166521
-1183336547
1016.409424
26.479166
24963
339166590
-1183337104
 339166514
-1183336543
1016.409424
26.479166
24963
339166590
-1183337104
 339166514
-1183336544
1016.409424
26.479166
24963
339166590
-1183337104
 339166509
-1183336544
1016.409424
26.479166
24963
339166590
-1183337104
 339166504
-1183336557
1016.409424
26.479166
24963
339166590
-1183337104
 339166504
-1183336550
1016.409424
26.479166
24963
339166590
-1183337104
 339166500
-1183336550
1016.409424
26.479166
24963
339166590
-1183337104
 339166495
-1183336545
1016.409424
26.479166
24963
339166590
-1183337104
 339166499
-1183336549
1016.409424
26.479166
24963
339166590
-1183337104
 339166499
-1183336548
1016.409424
26.479166
24963
339166590
-1183337104
 339166503
-1183336548
1016.409424
26.479166
24963
339166590
-1183337104
 339166504
-1183336558
1016.409424
26.479166
24963
339166590
-1183337104
 339166504
-1183336566
1016.409424
26.479166
24963
339166590
-1183337104
 339166508
-1183336566
1016.409424
26.479166
24963
339166590
-1183337104
 339166509
-1183336592
1016.409424
26.479166
24963
339166590
-1183337104
 339166509
-1183336594
1016.409424
26.479166
24963
339166590
-1183337104
 339166513
-1183336594
1016.409424
26.479166
24963
339166590
-1183337104
 339166516
-1183336584
1016.409424
26.479166
24963
339166590
-1183337104
 339166516
-1183336570
1016.409424
26.479166
24963
339166590
-1183337104
 339166513
-1183336570
1016.409424
26.479166
24963
339166590
-1183337104
 339166510
-1183336552
1016.409424
26.479166
24963
339166590
-1183337104
 339166510
-1183336540
1016.409424
26.479166
24963
339166590
-1183337104
 339166506
-1183336540
1016.409424
26.479166
24963
339166590
-1183337104
 339166499
-1183336507
1016.409424
26.479166
24963
339166590
-1183337104
 339166499
-1183336494
1016.409424
26.479166
24963
339166590
-1183337104
 339166498
-1183336494
1016.409424
26.479166
24963
339166590
-1183337104
 339166491
-1183336472
1016.409424
26.479166
24963
339166590
-1183337104
 339166491
-1183336465
1016.409424
26.479166
24963
339166590
-1183337104
 339166498
-1183336465
1016.409424
26.479166
24963
339166590
-1183337104
 339166504
-1183336457
1016.409424
26.479166
24963
339166590
-1183337104
 339166510
-1183336456
1016.409424
26.479166
24963
339166590
-1183337104
 339166510
-1183336460
1016.409424
26.479166
24963
339166590
-1183337104
 339166524
-1183336460
1016.409424
26.479166
24963
339166590
-1183337104
 339166557
-1183336475
1016.409424
26.479166
24963
339166590
-1183337104
 339166557
-1183336479
1016.409424
26.479166
24963
339166590
-1183337104
 339166569
-1183336479
1016.409424
26.479166
24963
339166590
-1183337104
 339166580
-1183336502
1016.409424
26.479166
24963
339166590
-1183337104
 339166580
-1183336514
1016.409424
26.479166
24963
339166590
-1183337104
 339166590
-1183336514
1016.409424
26.479166
24963
339166590
-1183337104
 339166592
-1183336511
1016.409424
26.479166
24963
339166590
-1183337104
 339166588
-1183336515
1016.409424
26.479166
24963
339166590
-1183337104
 339166588
-1183336523
1016.409424
26.479166
24963
339166590
-1183337104
 339166583
-1183336523
1016.409424
26.479166
24963
339166590
-1183337104
 339166582
-1183336529
1016.409424
26.479166
24963
339166590
-1183337104
 339166593
-1183336545
1016.409424
26.479166
24963
339166590
-1183337104
 339166593
-1183336557
1016.409424
26.479166
24963
339166590
-1183337104
 339166597
-1183336557
1016.409424
26.479166
24963
339166590
-1183337104
 339166597
-1183336568
1016.409424
26.479166
24963
339166590
-1183337104
 339166597
-1183336566
1016.409424
26.479166
24963
339166590
-1183337104
 339166592
-1183336566
1016.409424
26.479166
24963
339166590
-1183337104
 339166596
-1183336562
1016.409424
26.479166
24963
339166590
-1183337104
 339166596
-1183336564
1016.409424
26.479166
24963
339166590
-1183337104
 339166606
-1183336564
1016.409424
26.479166
24963
339166590
-1183337104
 339166618
-1183336573
1016.409424
26.479166
24963
339166590
-1183337104
 339166625
-1183336584
1016.409424
26.479166
24963
339166590
-1183337104
 339166625
-1183336588
1016.409424
26.479166
24963
339166590
-1183337104
 339166634
-1183336588
1016.409424
26.479166
24963
339166590
-1183337104
 339166645
-1183336580
1016.409424
26.479166
24963
339166590
-1183337104
 339166645
-1183336573
1016.409424
26.479166
24963
339166590
-1183337104
 339166647
-1183336573
1016.409424
26.479166
24963
339166590
-1183337104
 339166651
-1183336557
1016.409424
26.479166
24963
339166590
-1183337104
 339166651
-1183336551
1016.409424
26.479166
24963
339166590
-1183337104
 339166652
-1183336551
1016.409424
26.479166
24963
339166590
-1183337104
 339166659
-1183336540
1016.409424
26.479166
24963
339166590
-1183337104
 339166659
-1183336531
1016.409424
26.479166
24963
339166590
-1183337104
 339166657
-1183336531
1016.409424
26.479166
24963
339166590
-1183337104
 339166656
-1183336529
1016.409424
26.479166
24963
339166590
-1183337104
 339166646
-1183336531
1016.409424
26.479166
24963
339166590
-1183337104
 339166646
-1183336514
1016.409424
26.479166
24963
339166590
-1183337104
 339166629
-1183336514
1016.409424
26.479166
24963
339166590
-1183337104
 339166621
-1183336497
1016.409424
26.479166
24963
339166590
-1183337104
 339166619
-1183336490
1016.409424
26.479166
24963
339166590
-1183337104
 339166619
-1183336499
1016.409424
26.479166
24963
339166590
-1183337104
 339166632
-1183336499
1016.409424
26.479166
24963
339166590
-1183337104
 339166648
-1183336519
1016.409424
26.479166
24963
339166590
-1183337104
 339166637
-1183336523
1016.409424
26.479166
24963
339166590
-1183337104
 339166637
-1183336524
1016.409424
26.479166
24963
339166590
-1183337104
 339166636
-1183336524
1016.409424
26.479166
24963
339166590
-1183337104
 339166642
-1183336536
1016.409424
26.479166
24963
339166590
-1183337104
 339166649
-1183336542
1016.409424
26.479166
24963
339166590
-1183337104
 339166649
-1183336549
1016.409424
26.479166
24963
339166590
-1183337104
 339166654
-1183336549
1016.409424
26.479166
24963
339166590
-1183337104
 339166659
-1183336558
1016.409424
26.479166
24963
339166590
-1183337104
 339166659
-1183336549
1016.409424
26.479166
24963
339166590
-1183337104
 339166655
-1183336549
1016.409424
26.479166
24963
339166590
-1183337104
 339166649
-1183336546
1016.409424
26.479166
24963
339166590
-1183337104
 339166644
-1183336548
1016.409424
26.479166
24963
339166590
-1183337104
 339166644
-1183336547
1016.409424
26.479166
24963
339166590
-1183337104
 339166644
-1183336547
1016.409424
26.479166
24963
339166590
-1183337104
 339166691
-1183336550
1016.409424
26.479166
24963
339166590
-1183337104
 339166691
-1183336546
1016.409424
26.479166
24963
339166590
-1183337104
 339166724
-1183336546
1016.409424
26.479166
24963
339166590
-1183337104
 339166731
-1183336534
1016.409424
26.479166
24963
339166590
-1183337104
 339166740
-1183336519
1016.409424
26.479166
24963
339166590
-1183337104
 339166740
-1183336505
1016.409424
26.479166
24963
339166590
-1183337104
 339166748
-1183336505
1016.409424
26.479166
24963
339166590
-1183337104
 339166769
-1183336504
1016.409424
26.479166
24963
339166590
-1183337104
 339166772
-1183336500
1016.409424
26.479166
24963
339166590
-1183337104
 339166772
-1183336497
1016.409424
26.479166
24963
339166590
-1183337104
 339166785
-1183336497
1016.409424
26.479166
24963
339166590
-1183337104
 339166801
-1183336491
1016.409424
26.479166
24963
339166590
-1183337104
 339166801
-1183336506
1016.409424
26.479166
24963
339166590
-1183337104
 339166822
-1183336506
1016.409424
26.479166
24963
339166590
-1183337104
 339166837
-1183336525
1016.409424
26.479166
24963
339166590
-1183337104
 339166849
-1183336534
1016.409424
26.479166
24963
339166590
-1183337104
 339166849
-1183336538
1016.409424
26.479166
24963
339166590
-1183337104
 339166860
-1183336538
1016.409424
26.479166
24963
339166590
-1183337104
 339166858
-1183336534
1016.409424
26.479166
24963
339166590
-1183337104
 339166854
-1183336524
1016.409424
26.479166
24963
339166590
-1183337104
 339166854
-1183336512
1016.409424
26.479166
24963
339166590
-1183337104
 339166860
-1183336512
1016.409424
26.479166
24963
339166590
-1183337104
 339166855
-1183336451
1016.409424
26.479166
24963
339166590
-1183337104
 339166855
-1183336424
1016.409424
26.479166
24963
339166590
-1183337104
 339166852
-1183336424
1016.409424
26.479166
24963
339166590
-1183337104
 339166849
-1183336394
1016.409424
26.479166
24963
339166590
-1183337104
 339166853
-1183336369
1016.409424
26.479166
24963
339166590
-1183337104
 339166853
-1183336346
1016.409424
26.479166
24963
339166590
-1183337104
 339166865
-1183336346
1016.409424
26.479166
24963
339166590
-1183337104
 339166867
-1183336338
1016.409424
26.479166
24963
339166590
-1183337104
 339166878
-1183336320
1016.409424
26.479166
24963
339166590
-1183337104
 339166878
-1183336309
1016.409424
26.479166
24963
339166590
-1183337104
 339166880
-1183336309
1016.409424
26.479166
24963
339166590
-1183337104
 339166884
-1183336291
1016.409424
26.479166
24963
339166590
-1183337104
 339166884
-1183336282
1016.409424
26.479166
24963
339166590
-1183337104
 339166881
-1183336282
1016.409424
26.479166
24963
339166590
-1183337104
 339166877
-1183336275
1016.409424
26.479166
24963
339166590
-1183337104
 339166884
-1183336272
1016.409424
26.479166
24963
339166590
-1183337104
 339166884
-1183336271
1016.409424
26.479166
24963
339166590
-1183337104
 339166886
-1183336271
1016.409424
26.479166
24963
339166590
-1183337104
 339166906
-1183336277
1016.409424
26.479166
24963
339166590
-1183337104
 339166906
-1183336274
1016.409424
26.479166
24963
339166590
-1183337104
 339166907
-1183336274
1016.409424
26.479166
24963
339166590
-1183337104
 339166910
-1183336272
1016.409424
26.479166
24963
339166590
-1183337104
 339166910
-1183336264
1016.409424
26.479166
24963
339166590
-1183337104
 339166918
-1183336264
1016.409424
26.479166
24963
339166590
-1183337104
 339166921
-1183336262
1016.409424
26.479166
24963
339166590
-1183337104
 339166925
-1183336264
1016.409424
26.479166
24963
339166590
-1183337104
 339166925
-1183336279
1016.409424
26.479166
24963
339166590
-1183337104
 339166927
-1183336279
1016.409424
26.479166
24963
339166590
-1183337104
 339166923
-1183336253
1016.409424
26.479166
24963
339166590
-1183337104
 339166923
-1183336232
1016.409424
26.479166
24963
339166590
-1183337104
 339166916
-1183336232
1016.409424
26.479166
24963
339166590
-1183337104
 339166905
-1183336185
1016.409424
26.479166
24963
339166590
-1183337104
 339166905
-1183336169
1016.409424
26.479166
24963
339166590
-1183337104
 339166902
-1183336169
1016.409424
26.479166
24963
339166590
-1183337104
 339166899
-1183336155
1016.409424
26.479166
24963
339166590
-1183337104
 339166887
-1183336151
1016.409424
26.479166
24963
339166590
-1183337104
 339166887
-1183336141
1016.409424
26.479166
24963
339166590
-1183337104
 339166864
-1183336141
1016.409424
26.479166
24963
339166590
-1183337104
 339166854
-1183336120
1016.409424
26.479166
24963
339166590
-1183337104
 339166854
-1183336121
1016.409424
26.479166
24963
339166590
-1183337104
 339166854
-1183336121
1016.409424
26.479166
24963
339166590
-1183337104
 339166848
-1183336121
1016.409424
26.479166
24963
339166590
-1183337104
 339166850
-1183336130
1016.409424
26.479166
24963
339166590
-1183337104
 339166846
-1183336142
1016.409424
26.479166
24963
339166590
-1183337104
 339166846
-1183336156
1016.409424
26.479166
24963
339166590
-1183337104
 339166842
-1183336156
1016.409424
26.479166
24963
339166590
-1183337104
 339166837
-1183336185
1016.409424
26.479166
24963
339166590
-1183337104
 339166837
-1183336203
1016.409424
26.479166
24963
339166590
-1183337104
 339166835
-1183336203
1016.409424
26.479166
24963
339166590
-1183337104
 339166833
-1183336220
1016.409424
26.479166
24963
339166590
-1183337104
 339166831
-1183336229
1016.409424
26.479166
24963
339166590
-1183337104
 339166831
-1183336240
1016.409424
26.479166
24963
339166590
-1183337104
 339166826
-1183336240
1016.409424
26.479166
24963
339166590
-1183337104
 339166821
-1183336256
1016.409424
26.479166
24963
339166590
-1183337104
 339166821
-1183336275
1016.409424
26.479166
24963
339166590
-1183337104
 339166811
-1183336275
1016.409424
26.479166
24963
339166590
-1183337104
 339166807
-1183336281
1016.409424
26.479166
24963
339166590
-1183337104
 339166797
-1183336292
1016.409424
26.479166
24963
339166590
-1183337104
 339166797
-1183336308
1016.409424
26.479166
24963
339166590
-1183337104
 339166786
-1183336308
1016.409424
26.479166
24963
339166590
-1183337104
 339166774
-1183336308
1016.409424
26.479166
24963
339166590
-1183337104
 339166774
-1183336305
1016.409424
26.479166
24963
339166590
-1183337104
 339166770
-1183336305
1016.409424
26.479166
24963
339166590
-1183337104
 339166754
-1183336303
1016.409424
26.479166
24963
339166590
-1183337104
 339166754
-1183336320
1016.409424
26.479166
24963
339166590
-1183337104
 339166748
-1183336320
1016.409424
26.479166
24963
339166590
-1183337104
 339166737
-1183336327
1016.409424
26.479166
24963
339166590
-1183337104
 339166737
-1183336337
1016.409424
26.479166
24963
339166590
-1183337104
 339166737
-1183336337
1016.409424
26.479166
24963
339166590
-1183337104
 339166711
-1183336318
1016.409424
26.479166
24963
339166590
-1183337104
 339166711
-1183336291
1016.409424
26.479166
24963
339166590
-1183337104
 339166687
-1183336291
1016.409424
26.479166
24963
339166590
-1183337104
 339166654
-1183336292
1016.409424
26.479166
24963
339166590
-1183337104
 339166654
-1183336285
1016.409424
26.479166
24963
339166590
-1183337104
 339166647
-1183336285
1016.409424
26.479166
24963
339166590
-1183337104
 339166639
-1183336260
1016.409424
26.479166
24963
339166590
-1183337104
 339166639
-1183336243
1016.409424
26.479166
24963
339166590
-1183337104
 339166632
-1183336243
1016.409424
26.479166
24963
339166590
-1183337104
 339166628
-1183336225
1016.409424
26.479166
24963
339166590
-1183337104
 339166611
-1183336210
1016.409424
26.479166
24963
339166590
-1183337104
 339166611
-1183336191
1016.409424
26.479166
24963
339166590
-1183337104
 339166606
-1183336191
1016.409424
26.479166
24963
339166590
-1183337104
 339166602
-1183336172
1016.409424
26.479166
24963
339166590
-1183337104
 339166598
-1183336159
1016.409424
26.479166
24963
339166590
-1183337104
 339166598
-1183336152
1016.409424
26.479166
24963
339166590
-1183337104
 339166592
-1183336152
1016.409424
26.479166
24963
339166590
-1183337104
 339166586
-1183336144
1016.409424
26.479166
24963
339166590
-1183337104
 339166581
-1183336135
1016.409424
26.479166
24963
339166590
-1183337104
 339166581
-1183336120
1016.409424
26.479166
24963
339166590
-1183337104
 339166574
-1183336120
1016.409424
26.479166
24963
339166590
-1183337104
 339166550
-1183336131
1016.409424
26.479166
24963
339166590
-1183337104
 339166550
-1183336133
1016.409424
26.479166
24963
339166590
-1183337104
 339166545
-1183336133
1016.409424
26.479166
24963
339166590
-1183337104
 339166543
-1183336139
1016.409424
26.479166
24963
339166590
-1183337104
 339166543
-1183336156
1016.409424
26.479166
24963
339166590
-1183337104
 339166535
-1183336156
1016.409424
26.479166
24963
339166590
-1183337104
 339166522
-1183336170
1016.409424
26.479166
24963
339166590
-1183337104
 339166522
-1183336160
1016.409424
26.479166
24963
339166590
-1183337104
 339166521
-1183336160
1016.409424
26.479166
24963
339166590
-1183337104
 339166517
-1183336159
1016.409424
26.479166
24963
339166590
-1183337104
 339166517
-1183336156
1016.409424
26.479166
24963
339166590
-1183337104
 339166514
-1183336156
1016.409424
26.479166
24963
339166590
-1183337104
 339166508
-1183336188
1016.409424
26.479166
24963
339166590
-1183337104
 339166508
-1183336198
1016.409424
26.479166
24963
339166590
-1183337104
 339166511
-1183336198
1016.409424
26.479166
24963
339166590
-1183337104
 339166500
-1183336245
1016.409424
26.479166
24963
339166590
-1183337104
 339166500
-1183336266
1016.409424
26.479166
24963
339166590
-1183337104
 339166492
-1183336266
1016.409424
26.479166
24963
339166590
-1183337104
 339166465
-1183336330
1016.409424
26.479166
24963
339166590
-1183337104
 339166465
-1183336368
1016.409424
26.479166
24963
339166590
-1183337104
 339166450
-1183336368
1016.409424
26.479166
24963
339166590
-1183337104
 339166449
-1183336374
1016.409424
26.479166
24963
339166590
-1183337104
 339166447
-1183336363
1016.409424
26.479166
24963
339166590
-1183337104
 339166447
-1183336352
1016.409424
26.479166
24963
339166590
-1183337104
 339166430
-1183336352
1016.409424
26.479166
24963
339166590
-1183337104
 339166406
-1183336350
1016.409424
26.479166
24963
339166590
-1183337104
 339166391
-1183336339
1016.409424
26.479166
24963
339166590
-1183337104
 339166391
-1183336332
1016.409424
26.479166
24963
339166590
-1183337104
 339166372
-1183336332
1016.409424
26.479166
24963
339166590
-1183337104
 339166358
-1183336309
1016.409424
26.479166
24963
339166590
-1183337104
 339166358
-1183336300
1016.409424
26.479166
24963
339166590
-1183337104
 339166347
-1183336300
1016.409424
26.479166
24963
339166590
-1183337104
 339166326
-1183336238
1016.409424
26.479166
24963
339166590
-1183337104
 339166326
-1183336220
1016.409424
26.479166
24963
339166590
-1183337104
 339166325
-1183336220
1016.409424
26.479166
24963
339166590
-1183337104
 339166308
-1183336206
1016.409424
26.479166
24963
339166590
-1183337104
 339166308
-1183336192
1016.409424
26.479166
24963
339166590
-1183337104
 339166308
-1183336192
1016.409424
26.479166
24963
339166590
-1183337104
 339166284
-1183336184
1016.409424
26.479166
24963
339166590
-1183337104
 339166284
-1183336166
1016.409424
26.479166
24963
339166590
-1183337104
 339166279
-1183336166
1016.409424
26.479166
24963
339166590
-1183337104
 339166270
-1183336193
1016.409424
26.479166
24963
339166590
-1183337104
 339166270
-1183336188
1016.409424
26.479166
24963
339166590
-1183337104
 339166265
-1183336188
1016.409424
26.479166
24963
339166590
-1183337104
 339166251
-1183336208
1016.409424
26.479166
24963
339166590
-1183337104
 339166242
-1183336215
1016.409424
26.479166
24963
339166590
-1183337104
 339166242
-1183336220
1016.409424
26.479166
24963
339166590
-1183337104
 339166234
-1183336220
1016.409424
26.479166
24963
339166590
-1183337104
 339166212
-1183336263
1016.409424
26.479166
24963
339166590
-1183337104
 339166212
-1183336276
1016.409424
26.479166
24963
339166590
-1183337104
 339166199
-1183336276
1016.409424
26.479166
24963
339166590
-1183337104
 339166170
-1183336296
1016.409424
26.479166
24963
339166590
-1183337104
 339166170
-1183336300
1016.409424
26.479166
24963
339166590
-1183337104
 339166161
-1183336300
1016.409424
26.479166
24963
339166590
-1183337104
 339166154
-1183336300
1016.409424
26.479166
24963
339166590
-1183337104
 339166157
-1183336314
1016.409424
26.479166
24963
339166590
-1183337104
 339166157
-1183336326
1016.409424
26.479166
24963
339166590
-1183337104
 339166152
-1183336326
1016.409424
26.479166
24963
339166590
-1183337104
 339166156
-1183336379
1016.409424
26.479166
24963
339166590
-1183337104
 339166156
-1183336408
1016.409424
26.479166
24963
339166590
-1183337104
 339166153
-1183336408
1016.409424
26.479166
24963
339166590
-1183337104
 339166145
-1183336431
1016.409424
26.479166
24963
339166590
-1183337104
 339166145
-1183336453
1016.409424
26.479166
24963
339166590
-1183337104
 339166139
-1183336453
1016.409424
26.479166
24963
339166590
-1183337104
 339166140
-1183336477
1016.409424
26.479166
24963
339166590
-1183337104
 339166133
-1183336483
1016.409424
26.479166
24963
339166590
-1183337104
 339166133
-1183336478
1016.409424
26.479166
24963
339166590
-1183337104
 339166129
-1183336478
1016.409424
26.479166
24963
339166590
-1183337104
 339166143
-1183336464
1016.409424
26.479166
24963
339166590
-1183337104
 339166143
-1183336466
1016.409424
26.479166
24963
339166590
-1183337104
 339166135
-1183336466
1016.409424
26.479166
24963
339166590
-1183337104
 339166129
-1183336468
1016.409424
26.479166
24963
339166590
-1183337104
 339166138
-1183336491
1016.409424
26.479166
24963
339166590
-1183337104
 339166138
-1183336491
1016.409424
26.479166
24963
339166590
-1183337104
 339166149
-1183336491
1016.409424
26.479166
24963
339166590
-1183337104
 339166162
-1183336486
1016.409424
26.479166
24963
339166590
-1183337104
 339166161
-1183336477
1016.409424
26.479166
24963
339166590
-1183337104
 339166161
-1183336465
1016.409424
26.479166
24963
339166590
-1183337104
 339166165
-1183336465
1016.409424
26.479166
24963
339166590
-1183337104
 339166165
-1183336463
1016.409424
26.479166
24963
339166590
-1183337104
 339166165
-1183336460
1016.409424
26.479166
24963
339166590
-1183337104
 339166170
-1183336460
1016.409424
26.479166
24963
339166590
-1183337104
 339166180
-1183336475
1016.409424
26.479166
24963
339166590
-1183337104
 339166180
-1183336495
1016.409424
26.479166
24963
339166590
-1183337104
 339166190
-1183336495
1016.409424
26.479166
24963
339166590
-1183337104
 339166198
-1183336502
1016.409424
26.479166
24963
339166590
-1183337104
 339166198
-1183336488
1016.409424
26.479166
24963
339166590
-1183337104
 339166198
-1183336462
1016.409424
26.479166
24963
339166590
-1183337104
 339166198
-1183336462
1016.409424
26.479166
24963
339166590
-1183337104
 339166187
-1183336448
1016.409424
26.479166
24963
339166590
-1183337104
 339166187
-1183336405
1016.409424
26.479166
24963
339166590
-1183337104
 339166193
-1183336405
1016.409424
26.479166
24963
339166590
-1183337104
 339166185
-1183336500
1016.409424
26.479166
24963
339166590
-1183337104
 339166185
-1183336496
1016.409424
26.479166
24963
339166590
-1183337104
 339166172
-1183336496
1016.409424
26.479166
24963
339166590
-1183337104
 339166164
-1183336472
1016.409424
26.479166
24963
339166590
-1183337104
 339166169
-1183336470
1016.409424
26.479166
24963
339166590
-1183337104
 339166169
-1183336441
1016.409424
26.479166
24963
339166590
-1183337104
 339166173
-1183336441
1016.409424
26.479166
24963
339166590
-1183337104
 339166180
-1183336427
1016.409424
26.479166
24963
339166590
-1183337104
 339166181
-1183336415
1016.409424
26.479166
24963
339166590
-1183337104
 339166181
-1183336472
1016.409424
26.479166
24963
339166590
-1183337104
 339166176
-1183336472
1016.409424
26.479166
24963
339166590
-1183337104
 339166174
-1183336514
1016.409424
26.479166
24963
339166590
-1183337104
 339166177
-1183336547
1016.409424
26.479166
24963
339166590
-1183337104
 339166177
-1183336559
1016.409424
26.479166
24963
339166590
-1183337104
 339166172
-1183336559
1016.409424
26.479166
24963
339166590
-1183337104
 339166149
-1183336568
1016.409424
26.479166
24963
339166590
-1183337104
 339166149
-1183336548
1016.409424
26.479166
24963
339166590
-1183337104
 339166137
-1183336548
1016.409424
26.479166
24963
339166590
-1183337104
 339166127
-1183336542
1016.409424
26.479166
24963
339166590
-1183337104
 339166117
-1183336547
1016.409424
26.479166
24963
339166590
-1183337104
 339166117
-1183336511
1016.409424
26.479166
24963
339166590
-1183337104
 339166123
-1183336511
1016.409424
26.479166
24963
339166590
-1183337104
 339166123
-1183336492
1016.409424
26.479166
24963
339166590
-1183337104
 339166123
-1183336482
1016.409424
26.479166
24963
339166590
-1183337104
 339166122
-1183336482
1016.409424
26.479166
24963
339166590
-1183337104
 339166122
-1183336481
1016.409424
26.479166
24963
339166590
-1183337104
 339166116
-1183336484
1016.409424
26.479166
24963
339166590
-1183337104
 339166116
-1183336492
1016.409424
26.479166
24963
339166590
-1183337104
 339166114
-1183336492
1016.409424
26.479166
24963
339166590
-1183337104
 339166121
-1183336525
1016.409424
26.479166
24963
339166590
-1183337104
 339166121
-1183336534
1016.409424
26.479166
24963
339166590
-1183337104
 339166129
-1183336534
1016.409424
26.479166
24963
339166590
-1183337104
 339166120
-1183336554
1016.409424
26.479166
24963
339166590
-1183337104
 339166112
-1183336572
1016.409424
26.479166
24963
339166590
-1183337104
 339166112
-1183336561
1016.409424
26.479166
24963
339166590
-1183337104
 339166120
-1183336561
1016.409424
26.479166
24963
339166590
-1183337104
 339166122
-1183336557
1016.409424
26.479166
24963
339166590
-1183337104
 339166123
-1183336562
1016.409424
26.479166
24963
339166590
-1183337104
 339166123
-1183336588
1016.409424
26.479166
24963
339166590
-1183337104
 339166117
-1183336588
1016.409424
26.479166
24963
339166590
-1183337104
 339166125
-1183336577
1016.409424
26.479166
24963
339166590
-1183337104
 339166124
-1183336569
1016.409424
26.479166
24963
339166590
-1183337104
 339166124
-1183336569
1016.409424
26.479166
24963
339166590
-1183337104
 339166125
-1183336569
1016.409424
26.479166
24963
339166590
-1183337104
 339166123
-1183336567
1016.409424
26.479166
24963
339166590
-1183337104
 339166113
-1183336556
1016.409424
26.479166
24963
339166590
-1183337104
 339166113
-1183336538
1016.409424
26.479166
24963
339166590
-1183337104
 339166102
-1183336538
1016.409424
26.479166
24963
339166590
-1183337104
 339166095
-1183336530
1016.409424
26.479166
24963
339166590
-1183337104
 339166095
-1183336518
1016.409424
26.479166
24963
339166590
-1183337104
 339166097
-1183336518
1016.409424
26.479166
24963
339166590
-1183337104
 339166086
-1183336507
1016.409424
26.479166
24963
339166590
-1183337104
 339166073
-1183336492
1016.409424
26.479166
24963
339166590
-1183337104
 339166073
-1183336500
1016.409424
26.479166
24963
339166590
-1183337104
 339166063
-1183336500
1016.409424
26.479166
24963
339166590
-1183337104
 339166055
-1183336492
1016.409424
26.479166
24963
339166590
-1183337104
 339166055
-1183336478
1016.409424
26.479166
24963
339166590
-1183337104
 339166059
-1183336478
1016.409424
26.479166
24963
339166590
-1183337104
 339166074
-1183336469
1016.409424
26.479166
24963
339166590
-1183337104
 339166074
-1183336458
1016.409424
26.479166
24963
339166590
-1183337104
 339166083
-1183336458
1016.409424
26.479166
24963
339166590
-1183337104
 339166129
-1183336450
1016.409424
26.479166
24963
339166590
-1183337104
 339166129
-1183336448
1016.409424
26.479166
24963
339166590
-1183337104
 339166142
-1183336448
1016.409424
26.479166
24963
339166590
-1183337104
 